# x y v
9.8250e+04 7.1750e+04 3.9588e+02
7.5250e+04 4.4250e+04 2.7475e+02
9.9750e+04 4.1250e+04 1.4686e+02
2.9250e+04 4.5250e+04 4.6524e+02
4.0250e+04 9.7250e+04 2.5386e+02
9.9750e+04 9.1750e+04 7.1175e+02
7.2250e+04 8.1250e+04 1.9911e+02
7.4750e+04 7.8750e+04 1.9461e+02
2.6250e+04 2.9250e+04 4.8042e+02
2.8250e+04 8.5250e+04 3.5232e+02
7.5000e+02 6.8750e+04 4.3573e+02
6.2500e+03 3.5250e+04 2.9366e+02
3.9250e+04 1.7250e+04 3.7172e+02
3.8250e+04 3.0250e+04 4.7873e+02
9.6750e+04 9.2750e+04 6.5868e+02
6.8750e+04 8.5250e+04 2.0623e+02
3.8250e+04 3.1250e+04 4.6753e+02
6.3250e+04 1.2250e+04 3.8260e+02
5.0750e+04 3.5750e+04 5.2951e+02
7.9250e+04 4.0250e+04 3.0576e+02
3.0750e+04 7.6750e+04 3.9775e+02
5.2500e+03 6.2250e+04 4.2098e+02
3.1750e+04 4.8250e+04 5.1466e+02
1.2500e+03 6.9250e+04 4.1856e+02
6.7500e+03 6.2750e+04 4.2504e+02
8.2250e+04 6.3250e+04 1.7798e+02
1.4750e+04 2.3750e+04 2.8199e+02
3.7250e+04 9.9750e+04 2.6158e+02
9.1750e+04 8.2750e+04 5.5565e+02
1.7250e+04 9.7750e+04 6.5407e+02
7.7500e+03 1.3750e+04 3.9939e+02
2.5000e+02 1.5750e+04 2.0555e+02
2.3250e+04 2.3750e+04 3.6039e+02
3.5750e+04 4.6750e+04 5.1873e+02
4.2250e+04 3.4750e+04 4.6568e+02
6.6250e+04 9.5250e+04 3.1279e+02
3.7750e+04 1.2500e+03 2.1834e+02
9.8250e+04 5.0250e+04 1.5790e+02
8.0750e+04 3.0250e+04 2.0144e+02
6.4750e+04 3.4750e+04 2.8629e+02
7.9750e+04 8.0250e+04 5.3763e+02
5.6750e+04 8.9750e+04 2.2461e+02
6.2500e+03 9.7250e+04 5.0910e+02
6.5750e+04 8.8250e+04 2.1285e+02
6.5250e+04 9.9750e+04 5.9349e+02
8.8250e+04 8.1250e+04 4.8857e+02
9.5250e+04 6.2250e+04 3.4698e+02
6.8250e+04 6.2500e+03 2.9098e+02
8.1250e+04 6.3250e+04 2.8965e+02
5.3750e+04 7.4250e+04 3.3161e+02
7.6750e+04 7.5750e+04 1.9218e+02
1.9250e+04 8.7750e+04 3.7761e+02
4.5750e+04 4.0250e+04 4.7008e+02
8.9250e+04 3.4250e+04 4.3930e+02
6.0250e+04 1.4750e+04 4.5535e+02
7.9750e+04 4.2750e+04 4.7689e+02
7.4750e+04 4.6250e+04 5.1741e+02
5.6250e+04 8.7250e+04 2.3934e+02
7.5750e+04 5.3250e+04 2.7923e+02
1.2500e+03 1.2500e+03 3.5697e+02
1.6750e+04 9.3250e+04 5.9292e+02
5.4250e+04 4.1250e+04 3.4073e+02
2.4250e+04 7.5250e+04 5.9475e+02
7.8750e+04 5.7500e+03 3.9105e+02
3.0750e+04 9.9750e+04 2.9494e+02
6.0750e+04 9.6750e+04 3.0954e+02
5.5750e+04 2.7750e+04 3.4540e+02
8.1750e+04 5.8750e+04 3.9714e+02
1.3250e+04 5.2750e+04 2.3272e+02
6.6250e+04 7.2250e+04 6.2065e+02
9.4250e+04 2.9250e+04 3.8498e+02
9.6250e+04 3.8250e+04 1.9096e+02
6.2250e+04 9.6750e+04 3.2350e+02
8.2250e+04 8.1250e+04 5.4475e+02
4.0250e+04 5.6750e+04 4.2102e+02
9.0250e+04 7.4750e+04 3.6155e+02
6.3250e+04 8.1750e+04 4.0780e+02
1.2500e+03 5.2500e+03 3.4191e+02
2.4750e+04 3.6250e+04 4.3501e+02
1.9750e+04 1.0250e+04 2.7892e+02
4.0750e+04 4.2750e+04 4.9652e+02
4.8750e+04 9.3750e+04 2.3864e+02
5.5250e+04 1.0750e+04 5.3964e+02
9.6250e+04 1.3750e+04 1.6361e+02
5.6250e+04 2.3250e+04 2.7323e+02
9.6750e+04 1.8750e+04 2.8939e+02
6.7750e+04 7.5000e+02 3.0668e+02
1.2250e+04 5.0750e+04 3.1576e+02
8.0250e+04 5.7500e+03 4.5173e+02
6.4750e+04 2.6250e+04 4.2321e+02
4.5750e+04 3.7500e+03 3.4554e+02
9.5750e+04 5.9750e+04 2.0585e+02
4.2750e+04 2.9750e+04 4.7328e+02
8.1250e+04 4.8250e+04 2.9680e+02
2.3750e+04 7.2750e+04 5.7481e+02
7.2750e+04 6.7750e+04 6.0960e+02
2.2750e+04 1.9250e+04 2.5195e+02
5.2500e+03 9.2250e+04 4.2221e+02
9.4750e+04 9.0750e+04 7.4384e+02
6.3750e+04 7.2500e+03 3.0106e+02
9.5750e+04 1.0250e+04 1.1134e+02
9.5750e+04 3.0250e+04 4.5229e+02
4.8250e+04 5.8250e+04 3.3988e+02
8.7250e+04 5.9250e+04 1.6757e+02
6.9250e+04 1.6750e+04 2.6740e+02
8.4750e+04 4.7750e+04 2.4683e+02
3.8750e+04 4.9250e+04 3.4194e+02
2.5000e+02 3.5750e+04 2.3932e+02
9.1750e+04 3.5250e+04 3.5494e+02
7.7250e+04 4.3250e+04 4.5283e+02
3.3250e+04 9.8250e+04 2.7864e+02
6.1250e+04 5.3750e+04 2.5898e+02
2.4750e+04 3.2250e+04 4.1929e+02
2.4250e+04 9.1250e+04 6.1090e+02
5.4250e+04 4.4250e+04 3.9023e+02
2.4750e+04 1.3250e+04 1.9744e+02
8.2500e+03 2.2750e+04 2.6563e+02
6.0250e+04 3.5750e+04 4.8855e+02
1.5250e+04 2.7750e+04 3.9482e+02
4.2750e+04 7.7750e+04 5.2421e+02
8.7250e+04 1.6750e+04 1.2720e+02
3.2500e+03 3.3750e+04 2.2937e+02
2.4750e+04 2.7250e+04 5.0348e+02
6.7750e+04 4.5750e+04 2.4804e+02
1.3750e+04 6.0750e+04 3.9292e+02
8.2250e+04 4.6250e+04 3.2391e+02
3.6250e+04 4.3750e+04 4.4537e+02
2.4250e+04 3.1250e+04 4.4205e+02
8.5250e+04 1.0250e+04 2.7369e+02
9.2250e+04 2.4250e+04 3.5509e+02
7.7500e+03 1.3250e+04 3.9127e+02
6.3750e+04 9.1250e+04 2.5090e+02
1.3250e+04 7.9750e+04 5.5459e+02
9.9250e+04 5.3250e+04 2.2087e+02
4.1750e+04 1.1250e+04 3.3518e+02
8.0250e+04 9.3750e+04 3.8592e+02
8.4250e+04 2.3750e+04 1.3098e+02
5.5750e+04 2.4750e+04 3.0297e+02
7.5000e+02 6.7250e+04 3.7156e+02
9.0750e+04 4.0750e+04 2.3090e+02
5.3250e+04 6.3750e+04 2.5278e+02
2.6750e+04 3.5750e+04 4.3643e+02
5.2500e+03 9.5750e+04 4.7785e+02
8.1750e+04 7.8750e+04 3.6175e+02
6.1750e+04 8.5750e+04 3.4113e+02
4.7750e+04 1.0250e+04 4.7760e+02
3.7750e+04 7.2250e+04 3.6855e+02
2.5750e+04 9.2250e+04 4.9105e+02
5.6250e+04 7.7500e+03 3.8989e+02
1.5250e+04 6.2500e+03 4.6237e+02
7.1750e+04 5.1250e+04 4.2743e+02
7.0750e+04 8.2500e+03 2.1200e+02
6.3250e+04 1.5750e+04 3.3163e+02
5.9750e+04 4.3750e+04 2.3831e+02
7.0250e+04 3.4250e+04 2.3733e+02
6.4250e+04 3.2500e+03 4.9515e+02
9.3250e+04 1.4750e+04 1.4384e+02
9.3250e+04 2.0250e+04 3.3070e+02
1.7750e+04 8.4250e+04 3.3754e+02
6.6750e+04 6.0250e+04 3.1344e+02
3.0750e+04 8.7250e+04 4.5320e+02
7.1250e+04 9.7250e+04 4.0916e+02
2.3250e+04 3.9750e+04 3.6788e+02
4.6750e+04 1.2750e+04 4.3130e+02
5.0750e+04 1.4250e+04 6.3234e+02
2.2750e+04 8.5250e+04 4.0427e+02
4.4250e+04 7.5000e+02 3.7803e+02
5.4250e+04 3.2750e+04 4.6790e+02
5.1250e+04 3.1750e+04 3.8340e+02
6.7250e+04 9.6250e+04 3.8633e+02
7.0250e+04 5.6250e+04 4.6090e+02
6.8250e+04 1.8750e+04 3.5727e+02
7.6250e+04 8.9250e+04 5.8393e+02
5.2250e+04 8.2750e+04 4.5899e+02
1.6250e+04 2.5000e+02 3.1366e+02
8.8750e+04 9.3750e+04 6.5515e+02
6.7500e+03 9.5250e+04 5.6074e+02
2.0250e+04 9.7750e+04 6.6916e+02
1.0750e+04 3.6250e+04 4.8513e+02
6.3750e+04 3.3750e+04 2.9890e+02
4.9750e+04 5.5750e+04 2.4971e+02
8.9250e+04 4.2750e+04 2.2364e+02
8.6750e+04 1.6750e+04 1.3011e+02
4.6250e+04 7.2750e+04 3.0125e+02
7.3750e+04 2.7750e+04 3.1707e+02
8.2750e+04 7.6750e+04 3.3959e+02
1.4750e+04 6.7250e+04 4.1024e+02
4.9250e+04 9.4750e+04 2.4109e+02
7.5250e+04 5.2500e+03 3.9776e+02
6.3250e+04 8.3250e+04 4.9428e+02
9.0750e+04 5.4250e+04 1.6411e+02
2.1750e+04 7.4750e+04 6.1626e+02
6.8750e+04 7.7750e+04 2.8272e+02
2.1750e+04 8.9750e+04 4.4727e+02
6.3750e+04 2.2250e+04 3.3723e+02
1.5250e+04 9.8250e+04 6.8429e+02
9.7250e+04 5.8750e+04 3.1428e+02
4.5750e+04 3.2250e+04 3.7232e+02
1.9250e+04 5.3250e+04 3.1003e+02
2.2750e+04 6.9250e+04 3.9733e+02
8.4750e+04 6.5750e+04 1.7890e+02
9.2250e+04 8.9750e+04 5.2737e+02
5.4750e+04 2.7750e+04 4.4650e+02
3.0250e+04 2.1750e+04 3.4514e+02
8.6750e+04 6.0250e+04 1.6958e+02
8.0250e+04 9.7500e+03 4.4003e+02
7.3250e+04 8.8750e+04 4.5191e+02
4.0750e+04 4.9750e+04 3.7174e+02
6.3250e+04 3.4250e+04 3.7810e+02
1.2250e+04 9.7750e+04 6.3238e+02
5.9750e+04 5.1750e+04 1.9792e+02
3.2500e+03 6.5250e+04 3.9240e+02
5.0750e+04 9.0750e+04 2.3241e+02
7.8250e+04 6.2750e+04 4.6762e+02
4.4750e+04 1.9250e+04 6.4005e+02
3.6250e+04 7.0250e+04 3.8639e+02
5.2250e+04 5.2750e+04 1.9055e+02
3.1250e+04 3.2250e+04 4.3051e+02
7.2750e+04 5.2250e+04 4.3570e+02
7.5750e+04 9.4250e+04 3.4373e+02
9.0250e+04 4.5250e+04 1.7712e+02
2.4750e+04 7.6750e+04 5.3079e+02
8.5250e+04 8.3750e+04 7.8184e+02
6.4250e+04 1.0750e+04 3.0734e+02
5.7750e+04 7.8750e+04 4.4475e+02
5.4750e+04 1.3250e+04 4.6731e+02
8.4750e+04 4.0250e+04 3.6090e+02
8.0250e+04 2.3750e+04 1.3279e+02
2.1250e+04 8.3250e+04 3.2102e+02
6.7250e+04 7.3750e+04 3.8179e+02
9.3750e+04 2.2750e+04 3.6521e+02
3.3250e+04 6.1750e+04 3.9167e+02
3.7500e+03 2.5750e+04 3.4958e+02
9.1250e+04 6.3750e+04 3.5851e+02
9.2500e+03 6.4750e+04 5.2372e+02
3.7750e+04 5.1750e+04 2.7247e+02
9.7500e+03 6.8250e+04 4.4307e+02
4.3750e+04 9.8750e+04 4.8489e+02
2.3750e+04 5.5750e+04 5.1595e+02
8.7250e+04 1.0750e+04 2.4477e+02
5.1750e+04 6.6750e+04 3.5482e+02
6.8750e+04 5.2250e+04 2.8954e+02
8.9250e+04 2.1750e+04 2.3123e+02
6.6750e+04 5.6750e+04 4.6731e+02
7.3750e+04 2.9250e+04 2.6114e+02
7.3250e+04 6.7750e+04 5.3934e+02
3.4250e+04 1.9750e+04 3.6382e+02
1.6250e+04 9.3250e+04 5.6919e+02
6.3750e+04 5.8750e+04 2.8756e+02
3.2750e+04 9.2500e+03 1.8849e+02
3.7750e+04 1.5750e+04 3.3216e+02
4.9250e+04 7.6750e+04 4.8855e+02
6.7500e+03 6.2500e+03 3.3377e+02
2.3250e+04 5.9750e+04 4.5514e+02
8.9750e+04 7.9250e+04 3.8166e+02
6.1750e+04 1.7500e+03 5.5336e+02
2.9250e+04 2.1750e+04 3.1337e+02
4.0250e+04 8.0250e+04 5.2656e+02
3.7500e+03 3.5750e+04 2.7159e+02
9.3750e+04 8.0250e+04 4.8423e+02
8.8250e+04 9.6750e+04 7.1718e+02
7.2750e+04 4.8250e+04 3.1246e+02
9.8250e+04 6.0250e+04 4.3044e+02
5.8250e+04 1.8750e+04 3.4576e+02
5.4750e+04 9.6750e+04 2.6539e+02
6.7250e+04 1.5750e+04 2.4823e+02
2.2750e+04 1.7250e+04 2.5558e+02
8.6750e+04 3.2250e+04 3.6524e+02
3.2750e+04 4.7250e+04 4.9229e+02
5.3750e+04 9.2750e+04 2.3552e+02
6.7250e+04 7.8250e+04 3.6183e+02
8.1250e+04 5.3250e+04 2.4677e+02
4.3750e+04 9.1250e+04 2.6544e+02
4.5250e+04 9.1250e+04 2.5130e+02
5.2250e+04 7.1750e+04 3.1743e+02
7.5250e+04 5.9750e+04 4.3651e+02
6.3250e+04 8.2500e+03 3.7024e+02
4.2750e+04 4.0750e+04 4.2517e+02
4.3750e+04 4.2750e+04 5.6156e+02
7.8250e+04 1.3750e+04 3.7219e+02
2.4250e+04 8.9750e+04 5.1180e+02
6.4750e+04 6.7250e+04 5.7819e+02
3.2750e+04 2.7750e+04 3.6743e+02
3.2250e+04 9.1750e+04 5.2860e+02
2.2500e+03 8.4750e+04 4.7656e+02
7.2750e+04 2.6750e+04 3.7609e+02
9.0250e+04 2.8250e+04 3.5298e+02
1.8250e+04 6.9250e+04 3.8405e+02
9.9250e+04 8.0750e+04 5.2676e+02
3.4750e+04 4.0250e+04 4.7923e+02
7.0250e+04 4.4250e+04 2.3804e+02
7.7250e+04 5.3750e+04 2.6107e+02
1.2750e+04 3.0750e+04 3.8591e+02
2.4250e+04 7.2250e+04 5.2338e+02
9.6750e+04 3.9750e+04 1.5123e+02
4.7250e+04 4.9750e+04 3.1367e+02
1.0250e+04 1.0250e+04 4.1583e+02
1.3250e+04 9.2500e+03 4.7555e+02
3.7500e+03 1.1250e+04 3.2448e+02
7.4750e+04 1.7500e+03 3.4949e+02
