# x y v
3.3500e+01 3.2500e+01 2.3228e+00
1.0350e+02 2.9500e+01 1.2156e+00
5.0500e+01 2.2500e+01 1.4782e+00
1.9500e+01 8.3500e+01 -1.1870e+00
6.5000e+00 5.1500e+01 1.7502e+00
2.2500e+01 1.6500e+01 1.4673e+00
8.5500e+01 8.0500e+01 -1.1983e+00
3.1500e+01 7.2500e+01 8.7706e-01
8.5000e+00 9.1500e+01 -3.6318e-01
1.3500e+01 4.9500e+01 3.4296e-02
8.5000e+00 9.6500e+01 6.1111e-01
1.0550e+02 3.9500e+01 -6.1596e-01
1.1050e+02 6.4500e+01 -1.5111e+00
1.0850e+02 2.0500e+01 -6.6326e-01
2.8500e+01 5.0000e-01 1.5092e-01
6.5000e+00 3.0500e+01 4.3662e-01
1.6500e+01 5.3500e+01 1.8944e+00
7.7500e+01 5.3500e+01 3.7820e-01
6.6500e+01 5.3500e+01 -1.4895e+00
1.9500e+01 4.8500e+01 1.1249e-01
5.0500e+01 9.8500e+01 5.8535e-01
8.7500e+01 4.7500e+01 4.8416e-01
4.6500e+01 7.5500e+01 1.4074e+00
1.0750e+02 6.6500e+01 2.5760e-01
1.3500e+01 2.4500e+01 -5.9331e-01
7.6500e+01 5.3500e+01 6.2637e-01
5.8500e+01 5.6500e+01 -8.1193e-01
5.2500e+01 7.5500e+01 3.8050e-01
1.1850e+02 7.9500e+01 1.6854e+00
5.0500e+01 5.5500e+01 -4.9022e-02
1.0350e+02 6.4500e+01 1.0614e-01
1.1500e+01 5.2500e+01 -2.2580e-01
3.5000e+00 2.0500e+01 9.1070e-01
9.5500e+01 2.2500e+01 1.3483e+00
1.0350e+02 2.7500e+01 4.3940e-01
9.2500e+01 3.1500e+01 -2.0833e-01
5.5000e+00 2.3500e+01 -3.0111e-01
1.1750e+02 9.9500e+01 -4.6779e-01
1.3500e+01 3.5000e+00 1.4685e-01
5.6500e+01 2.5000e+00 1.7253e+00
9.2500e+01 6.9500e+01 -1.8214e+00
4.3500e+01 9.1500e+01 -7.8839e-01
4.3500e+01 9.8500e+01 1.0186e-01
4.4500e+01 4.2500e+01 1.0596e+00
1.9500e+01 3.3500e+01 6.4348e-02
1.6500e+01 5.0000e-01 -1.1006e+00
3.1500e+01 4.5500e+01 7.6295e-01
1.5500e+01 6.9500e+01 8.7773e-01
7.2500e+01 9.7500e+01 1.9527e-01
7.5500e+01 1.8500e+01 -6.5066e-01
3.7500e+01 9.3500e+01 1.7041e-01
7.9500e+01 6.7500e+01 6.3537e-01
8.9500e+01 8.3500e+01 -2.9802e-01
6.3500e+01 1.5000e+00 -1.6171e+00
8.6500e+01 8.9500e+01 -2.1857e+00
4.2500e+01 2.6500e+01 -6.5157e-02
3.8500e+01 8.7500e+01 -9.1297e-01
6.7500e+01 1.1500e+01 -9.4779e-01
1.1050e+02 2.4500e+01 -7.1220e-02
1.1150e+02 8.6500e+01 -1.3090e+00
6.6500e+01 8.5000e+00 -1.5556e+00
9.1500e+01 3.6500e+01 -2.2405e-01
8.7500e+01 4.9500e+01 1.1198e+00
1.1050e+02 8.8500e+01 -5.2656e-02
1.3500e+01 6.0500e+01 1.1904e+00
1.1550e+02 2.3500e+01 -9.0856e-01
7.4500e+01 9.7500e+01 5.1700e-01
4.0500e+01 4.0500e+01 3.1977e-01
5.4500e+01 8.4500e+01 -9.8205e-01
4.7500e+01 1.8500e+01 5.2869e-01
5.2500e+01 9.7500e+01 -6.8943e-01
1.3500e+01 4.2500e+01 -6.4423e-01
1.1950e+02 5.1500e+01 -9.4156e-01
4.4500e+01 8.1500e+01 -3.6963e-01
1.9500e+01 9.5500e+01 7.8039e-01
7.7500e+01 3.1500e+01 1.0223e-01
8.0500e+01 8.5000e+00 -1.5540e+00
2.4500e+01 9.0500e+01 2.3106e-01
8.7500e+01 8.3500e+01 7.1218e-01
6.5500e+01 4.9500e+01 -1.0701e+00
3.6500e+01 5.3500e+01 9.1437e-01
1.7500e+01 5.7500e+01 -3.3463e-01
9.6500e+01 7.3500e+01 -2.6949e+00
7.6500e+01 4.8500e+01 2.1943e-01
3.1500e+01 2.5500e+01 9.7794e-01
7.9500e+01 5.5500e+01 4.6170e-01
5.0000e-01 5.5000e+00 -1.9351e+00
6.9500e+01 2.3500e+01 1.6029e-01
9.6500e+01 2.8500e+01 -7.4544e-01
8.0500e+01 5.4500e+01 6.5522e-01
4.2500e+01 4.5000e+00 -1.4510e+00
8.8500e+01 5.1500e+01 8.3083e-01
3.7500e+01 2.1500e+01 -7.4160e-01
1.4500e+01 9.6500e+01 1.2065e+00
2.5500e+01 4.5500e+01 -2.2429e-01
7.5500e+01 4.4500e+01 2.3991e-01
1.8500e+01 1.8500e+01 4.0481e-01
3.7500e+01 3.7500e+01 1.5169e+00
8.8500e+01 7.9500e+01 -2.2378e+00
6.7500e+01 3.2500e+01 1.5174e-01
1.6500e+01 4.5000e+00 -7.1953e-01
2.6500e+01 3.5500e+01 1.5976e+00
3.5000e+00 4.7500e+01 7.5081e-01
9.1500e+01 3.4500e+01 -2.8177e-01
1.1450e+02 2.9500e+01 3.0937e-01
1.1350e+02 3.2500e+01 2.5008e+00
7.5500e+01 9.8500e+01 6.3960e-01
5.0000e-01 8.1500e+01 -8.6712e-01
9.5000e+00 5.0000e-01 -1.7467e-01
2.0500e+01 2.3500e+01 6.2743e-01
4.1500e+01 8.5000e+00 4.2298e-01
5.6500e+01 9.9500e+01 -1.1585e+00
6.4500e+01 7.9500e+01 -2.5707e-01
1.1150e+02 6.6500e+01 4.9851e-02
5.5000e+00 1.8500e+01 1.0010e+00
3.3500e+01 4.1500e+01 9.3464e-01
2.1500e+01 8.9500e+01 9.7971e-01
9.7500e+01 8.8500e+01 5.8033e-01
1.5500e+01 1.9500e+01 8.5771e-01
9.5000e+00 7.2500e+01 1.0530e+00
5.2500e+01 5.6500e+01 -1.0448e+00
1.1450e+02 2.5000e+00 5.3000e-01
2.7500e+01 5.5000e+00 -1.4808e+00
7.6500e+01 2.0500e+01 -2.6140e+00
6.5000e+00 9.0500e+01 -4.6728e-01
3.5500e+01 4.5500e+01 7.1167e-02
3.8500e+01 9.0500e+01 -4.6233e-02
9.2500e+01 3.3500e+01 -9.1622e-01
1.0150e+02 2.1500e+01 -6.5128e-01
1.1150e+02 4.7500e+01 -7.7130e-01
1.1250e+02 5.5500e+01 3.1516e-01
3.5000e+00 4.5500e+01 -1.0664e-01
1.1250e+02 8.4500e+01 6.2775e-01
5.4500e+01 8.9500e+01 1.0213e-02
3.5000e+00 8.7500e+01 8.4345e-01
8.1500e+01 9.1500e+01 -6.9115e-01
1.1450e+02 8.9500e+01 -8.8993e-01
7.4500e+01 7.7500e+01 -9.3865e-01
2.5000e+00 7.6500e+01 5.1915e-01
8.4500e+01 4.2500e+01 -2.4656e-01
5.5500e+01 7.3500e+01 -1.3376e+00
8.5500e+01 2.5000e+00 -6.2619e-01
8.5500e+01 7.1500e+01 -1.9916e+00
5.3500e+01 8.3500e+01 -1.0609e+00
7.6500e+01 2.5000e+00 -1.2753e-01
3.9500e+01 7.4500e+01 8.5632e-01
3.1500e+01 7.1500e+01 8.1165e-02
4.6500e+01 5.3500e+01 8.3048e-01
4.1500e+01 9.0500e+01 1.6503e-01
9.6500e+01 5.9500e+01 1.0834e+00
5.5500e+01 4.3500e+01 8.3320e-01
3.3500e+01 4.6500e+01 3.3165e-01
5.0000e-01 6.4500e+01 -1.5759e-01
7.2500e+01 1.7500e+01 -7.6865e-01
1.0750e+02 3.2500e+01 1.7499e+00
9.5500e+01 4.2500e+01 5.6041e-01
9.5000e+00 6.6500e+01 1.8558e-01
1.0550e+02 4.6500e+01 4.4118e-01
5.7500e+01 8.5000e+00 3.6772e-01
3.9500e+01 3.6500e+01 2.9813e+00
6.5000e+00 5.0500e+01 1.7175e+00
9.1500e+01 6.8500e+01 -1.4318e+00
9.7500e+01 5.7500e+01 5.7059e-01
1.1950e+02 9.8500e+01 -1.8062e+00
5.3500e+01 1.2500e+01 -3.9052e-01
7.8500e+01 3.2500e+01 -9.1136e-01
6.5500e+01 5.2500e+01 -5.6823e-01
9.3500e+01 8.8500e+01 1.0238e+00
8.7500e+01 7.4500e+01 3.8429e-01
1.1550e+02 7.4500e+01 -8.0480e-01
6.3500e+01 7.4500e+01 -8.2804e-01
4.5000e+00 1.2500e+01 -4.3582e-01
1.0650e+02 4.1500e+01 1.2254e-01
3.7500e+01 4.0500e+01 9.8867e-01
8.8500e+01 8.9500e+01 -2.9728e-01
2.8500e+01 6.8500e+01 5.2892e-01
5.5000e+00 5.0000e-01 3.4223e-01
5.3500e+01 8.2500e+01 -4.1784e-01
4.4500e+01 4.8500e+01 6.5013e-01
5.6500e+01 7.2500e+01 -1.3258e+00
8.5000e+00 1.3500e+01 -6.2278e-01
6.0500e+01 7.8500e+01 4.0971e-01
9.3500e+01 8.5500e+01 7.3075e-01
6.2500e+01 7.8500e+01 5.9122e-01
1.6500e+01 2.5500e+01 1.3368e+00
3.0500e+01 7.3500e+01 1.3399e+00
1.0950e+02 1.2500e+01 -6.4138e-01
6.4500e+01 7.4500e+01 -1.9829e+00
1.1650e+02 5.5500e+01 -3.3034e-01
7.0500e+01 5.3500e+01 -1.5714e+00
7.4500e+01 6.2500e+01 -3.8578e-02
8.0500e+01 7.1500e+01 -6.5121e-02
8.9500e+01 3.3500e+01 -3.8751e-01
6.9500e+01 2.6500e+01 2.1406e-01
7.0500e+01 3.4500e+01 -4.4762e-01
2.2500e+01 7.0500e+01 1.0231e-02
8.3500e+01 7.0500e+01 -6.7151e-01
8.5500e+01 1.2500e+01 1.5130e-01
8.9500e+01 4.4500e+01 9.3241e-01
1.0350e+02 8.5500e+01 1.0648e+00
