# x y v
3.3500e+01 3.2500e+01 2.2698e+00
1.0350e+02 2.9500e+01 1.0194e+00
5.0500e+01 2.2500e+01 1.8797e+00
1.9500e+01 8.3500e+01 -6.3797e-01
6.5000e+00 5.1500e+01 1.2725e+00
2.2500e+01 1.6500e+01 1.3243e+00
8.5500e+01 8.0500e+01 -8.9508e-01
3.1500e+01 7.2500e+01 1.2571e+00
8.5000e+00 9.1500e+01 -3.7350e-01
1.3500e+01 4.9500e+01 -2.6956e-01
8.5000e+00 9.6500e+01 1.6472e-01
1.0550e+02 3.9500e+01 -7.4433e-01
1.1050e+02 6.4500e+01 -1.7137e+00
1.0850e+02 2.0500e+01 -7.5446e-01
2.8500e+01 5.0000e-01 -3.9803e-01
6.5000e+00 3.0500e+01 9.3492e-01
1.6500e+01 5.3500e+01 2.4068e+00
7.7500e+01 5.3500e+01 3.5627e-01
6.6500e+01 5.3500e+01 -5.6725e-01
1.9500e+01 4.8500e+01 2.5396e-01
5.0500e+01 9.8500e+01 9.6663e-02
8.7500e+01 4.7500e+01 5.6429e-01
4.6500e+01 7.5500e+01 1.5314e+00
1.0750e+02 6.6500e+01 4.8041e-01
1.3500e+01 2.4500e+01 -6.5447e-01
7.6500e+01 5.3500e+01 4.0735e-01
5.8500e+01 5.6500e+01 -1.0605e+00
5.2500e+01 7.5500e+01 4.9883e-01
1.1850e+02 7.9500e+01 1.5962e+00
5.0500e+01 5.5500e+01 8.4096e-01
1.0350e+02 6.4500e+01 7.1163e-02
1.1500e+01 5.2500e+01 -1.0509e+00
3.5000e+00 2.0500e+01 1.5181e-02
9.5500e+01 2.2500e+01 1.1642e+00
1.0350e+02 2.7500e+01 4.4030e-01
9.2500e+01 3.1500e+01 -6.9911e-01
5.5000e+00 2.3500e+01 -5.9400e-01
1.1750e+02 9.9500e+01 -1.3045e-01
1.3500e+01 3.5000e+00 9.7755e-01
5.6500e+01 2.5000e+00 2.4075e+00
9.2500e+01 6.9500e+01 -1.0857e+00
4.3500e+01 9.1500e+01 -1.5442e+00
4.3500e+01 9.8500e+01 2.5051e-01
4.4500e+01 4.2500e+01 4.2643e-01
1.9500e+01 3.3500e+01 8.7273e-01
1.6500e+01 5.0000e-01 -5.9217e-01
3.1500e+01 4.5500e+01 6.5017e-01
1.5500e+01 6.9500e+01 3.9241e-01
7.2500e+01 9.7500e+01 -1.3140e-01
7.5500e+01 1.8500e+01 -2.9617e-01
3.7500e+01 9.3500e+01 9.6866e-02
7.9500e+01 6.7500e+01 4.5890e-01
8.9500e+01 8.3500e+01 -2.1046e-01
6.3500e+01 1.5000e+00 -1.0265e+00
8.6500e+01 8.9500e+01 -2.7005e+00
4.2500e+01 2.6500e+01 -3.5753e-01
3.8500e+01 8.7500e+01 -8.1862e-01
6.7500e+01 1.1500e+01 -8.7467e-01
1.1050e+02 2.4500e+01 -1.1669e-01
1.1150e+02 8.6500e+01 -1.1777e+00
6.6500e+01 8.5000e+00 -2.1574e+00
9.1500e+01 3.6500e+01 -2.8244e-01
8.7500e+01 4.9500e+01 1.5780e+00
1.1050e+02 8.8500e+01 2.0498e-01
1.3500e+01 6.0500e+01 8.8930e-01
1.1550e+02 2.3500e+01 -2.6966e-01
7.4500e+01 9.7500e+01 2.5191e-01
4.0500e+01 4.0500e+01 -9.8556e-02
5.4500e+01 8.4500e+01 -8.4553e-01
4.7500e+01 1.8500e+01 2.0523e-01
5.2500e+01 9.7500e+01 -1.2248e+00
1.3500e+01 4.2500e+01 -4.9004e-01
1.1950e+02 5.1500e+01 -8.7221e-01
4.4500e+01 8.1500e+01 -1.2697e-01
1.9500e+01 9.5500e+01 8.2260e-02
7.7500e+01 3.1500e+01 -2.3227e-02
8.0500e+01 8.5000e+00 -1.4591e+00
2.4500e+01 9.0500e+01 1.1571e-01
8.7500e+01 8.3500e+01 1.2278e+00
6.5500e+01 4.9500e+01 -1.0424e+00
3.6500e+01 5.3500e+01 8.6776e-01
1.7500e+01 5.7500e+01 -4.4324e-01
9.6500e+01 7.3500e+01 -2.1457e+00
7.6500e+01 4.8500e+01 -5.8501e-02
3.1500e+01 2.5500e+01 1.0796e+00
7.9500e+01 5.5500e+01 1.4048e-01
5.0000e-01 5.5000e+00 -8.6262e-01
6.9500e+01 2.3500e+01 4.0781e-01
9.6500e+01 2.8500e+01 -9.7574e-01
8.0500e+01 5.4500e+01 8.6629e-01
4.2500e+01 4.5000e+00 -1.2604e+00
8.8500e+01 5.1500e+01 9.5957e-01
3.7500e+01 2.1500e+01 -1.1018e-01
1.4500e+01 9.6500e+01 6.4310e-01
2.5500e+01 4.5500e+01 5.3498e-02
7.5500e+01 4.4500e+01 1.8829e-01
1.8500e+01 1.8500e+01 1.4770e-01
3.7500e+01 3.7500e+01 1.0631e+00
8.8500e+01 7.9500e+01 -1.5361e+00
6.7500e+01 3.2500e+01 -6.2274e-02
1.6500e+01 4.5000e+00 -5.7639e-01
2.6500e+01 3.5500e+01 2.1263e+00
3.5000e+00 4.7500e+01 1.4011e-01
9.1500e+01 3.4500e+01 -1.8653e-01
1.1450e+02 2.9500e+01 8.3039e-01
1.1350e+02 3.2500e+01 2.7226e+00
7.5500e+01 9.8500e+01 6.1513e-01
5.0000e-01 8.1500e+01 -7.9015e-01
9.5000e+00 5.0000e-01 -2.4780e-02
2.0500e+01 2.3500e+01 2.6451e-01
4.1500e+01 8.5000e+00 8.9220e-01
5.6500e+01 9.9500e+01 -1.6437e+00
6.4500e+01 7.9500e+01 -3.4943e-01
1.1150e+02 6.6500e+01 -7.6904e-02
5.5000e+00 1.8500e+01 4.8671e-01
3.3500e+01 4.1500e+01 1.0192e+00
2.1500e+01 8.9500e+01 1.0925e+00
9.7500e+01 8.8500e+01 -3.3261e-01
1.5500e+01 1.9500e+01 7.3754e-02
9.5000e+00 7.2500e+01 7.1553e-01
5.2500e+01 5.6500e+01 -6.4951e-01
1.1450e+02 2.5000e+00 -2.0846e-01
2.7500e+01 5.5000e+00 -1.2885e+00
7.6500e+01 2.0500e+01 -2.6682e+00
6.5000e+00 9.0500e+01 2.2435e-01
3.5500e+01 4.5500e+01 -4.0094e-01
3.8500e+01 9.0500e+01 -6.2297e-01
9.2500e+01 3.3500e+01 -1.4690e+00
1.0150e+02 2.1500e+01 -5.9453e-01
1.1150e+02 4.7500e+01 -3.2304e-01
1.1250e+02 5.5500e+01 2.3940e-01
3.5000e+00 4.5500e+01 -3.3332e-01
1.1250e+02 8.4500e+01 9.4558e-01
5.4500e+01 8.9500e+01 3.0637e-01
3.5000e+00 8.7500e+01 1.3582e+00
8.1500e+01 9.1500e+01 -6.3315e-01
1.1450e+02 8.9500e+01 -8.5652e-01
7.4500e+01 7.7500e+01 -9.3670e-01
2.5000e+00 7.6500e+01 1.0154e+00
8.4500e+01 4.2500e+01 3.9849e-02
5.5500e+01 7.3500e+01 -1.2949e+00
8.5500e+01 2.5000e+00 -1.0134e+00
8.5500e+01 7.1500e+01 -1.7806e+00
5.3500e+01 8.3500e+01 -1.1015e+00
7.6500e+01 2.5000e+00 -3.9399e-01
3.9500e+01 7.4500e+01 6.7331e-02
3.1500e+01 7.1500e+01 4.8311e-01
4.6500e+01 5.3500e+01 1.7221e+00
4.1500e+01 9.0500e+01 1.6790e-02
9.6500e+01 5.9500e+01 1.3809e+00
5.5500e+01 4.3500e+01 7.4189e-01
3.3500e+01 4.6500e+01 4.6157e-01
5.0000e-01 6.4500e+01 -3.1804e-03
7.2500e+01 1.7500e+01 -6.5238e-01
1.0750e+02 3.2500e+01 1.9315e+00
9.5500e+01 4.2500e+01 7.8737e-01
9.5000e+00 6.6500e+01 -2.3082e-01
1.0550e+02 4.6500e+01 4.8615e-01
5.7500e+01 8.5000e+00 6.5039e-01
3.9500e+01 3.6500e+01 2.8529e+00
6.5000e+00 5.0500e+01 1.5963e+00
9.1500e+01 6.8500e+01 -1.0846e+00
9.7500e+01 5.7500e+01 5.8843e-01
1.1950e+02 9.8500e+01 -1.7510e+00
5.3500e+01 1.2500e+01 -5.2884e-01
7.8500e+01 3.2500e+01 -1.5890e+00
6.5500e+01 5.2500e+01 -1.2422e-01
9.3500e+01 8.8500e+01 1.2171e+00
8.7500e+01 7.4500e+01 1.0267e+00
1.1550e+02 7.4500e+01 -4.0050e-01
6.3500e+01 7.4500e+01 -5.7929e-02
4.5000e+00 1.2500e+01 6.3835e-02
1.0650e+02 4.1500e+01 4.0599e-01
3.7500e+01 4.0500e+01 6.5842e-01
8.8500e+01 8.9500e+01 -5.5972e-02
2.8500e+01 6.8500e+01 -1.6671e-01
5.5000e+00 5.0000e-01 -4.0024e-01
5.3500e+01 8.2500e+01 -4.0915e-01
4.4500e+01 4.8500e+01 9.5208e-01
5.6500e+01 7.2500e+01 -8.0847e-01
8.5000e+00 1.3500e+01 -7.0108e-01
6.0500e+01 7.8500e+01 7.7173e-01
9.3500e+01 8.5500e+01 7.6633e-01
6.2500e+01 7.8500e+01 8.6616e-01
1.6500e+01 2.5500e+01 1.2142e+00
3.0500e+01 7.3500e+01 1.9048e+00
1.0950e+02 1.2500e+01 -1.5649e-01
6.4500e+01 7.4500e+01 -2.1923e+00
1.1650e+02 5.5500e+01 -5.1848e-02
7.0500e+01 5.3500e+01 -1.1049e+00
7.4500e+01 6.2500e+01 -9.6045e-03
8.0500e+01 7.1500e+01 -3.0688e-01
8.9500e+01 3.3500e+01 -3.9981e-02
6.9500e+01 2.6500e+01 2.2525e-01
7.0500e+01 3.4500e+01 -1.4538e-01
2.2500e+01 7.0500e+01 -1.9000e-02
8.3500e+01 7.0500e+01 -6.8290e-01
8.5500e+01 1.2500e+01 9.2632e-01
8.9500e+01 4.4500e+01 1.4880e+00
1.0350e+02 8.5500e+01 9.7144e-01
