# x y v
3.3500e+01 3.2500e+01 2.3037e+00
1.0350e+02 2.9500e+01 9.2077e-01
5.0500e+01 2.2500e+01 1.2889e+00
1.9500e+01 8.3500e+01 -8.7688e-01
6.5000e+00 5.1500e+01 1.8187e+00
2.2500e+01 1.6500e+01 1.5145e+00
8.5500e+01 8.0500e+01 -1.6584e+00
3.1500e+01 7.2500e+01 8.2545e-01
8.5000e+00 9.1500e+01 -1.3989e-01
1.3500e+01 4.9500e+01 3.7937e-01
8.5000e+00 9.6500e+01 8.9222e-01
1.0550e+02 3.9500e+01 -6.2687e-01
1.1050e+02 6.4500e+01 -1.1918e+00
1.0850e+02 2.0500e+01 -9.4446e-01
2.8500e+01 5.0000e-01 -1.6804e-01
6.5000e+00 3.0500e+01 -1.5489e-01
1.6500e+01 5.3500e+01 1.6848e+00
7.7500e+01 5.3500e+01 5.4227e-01
6.6500e+01 5.3500e+01 -1.3754e+00
1.9500e+01 4.8500e+01 2.8627e-02
5.0500e+01 9.8500e+01 4.4029e-01
8.7500e+01 4.7500e+01 5.0767e-01
4.6500e+01 7.5500e+01 1.1817e+00
1.0750e+02 6.6500e+01 2.0605e-01
1.3500e+01 2.4500e+01 -3.4818e-01
7.6500e+01 5.3500e+01 6.7587e-01
5.8500e+01 5.6500e+01 -6.6087e-01
5.2500e+01 7.5500e+01 1.1584e-01
1.1850e+02 7.9500e+01 1.4140e+00
5.0500e+01 5.5500e+01 -2.7095e-01
1.0350e+02 6.4500e+01 8.7969e-02
1.1500e+01 5.2500e+01 3.8762e-01
3.5000e+00 2.0500e+01 7.8353e-01
9.5500e+01 2.2500e+01 1.2000e+00
1.0350e+02 2.7500e+01 2.5904e-01
9.2500e+01 3.1500e+01 6.2187e-02
5.5000e+00 2.3500e+01 -1.4181e-01
1.1750e+02 9.9500e+01 -5.5855e-01
1.3500e+01 3.5000e+00 -2.9042e-01
5.6500e+01 2.5000e+00 9.3003e-01
9.2500e+01 6.9500e+01 -2.2211e+00
4.3500e+01 9.1500e+01 -5.8390e-01
4.3500e+01 9.8500e+01 2.3141e-01
4.4500e+01 4.2500e+01 1.5827e+00
1.9500e+01 3.3500e+01 -3.4598e-01
1.6500e+01 5.0000e-01 -1.1770e+00
3.1500e+01 4.5500e+01 6.7200e-01
1.5500e+01 6.9500e+01 1.2184e+00
7.2500e+01 9.7500e+01 3.7745e-01
7.5500e+01 1.8500e+01 -1.0605e+00
3.7500e+01 9.3500e+01 2.9368e-01
7.9500e+01 6.7500e+01 3.8881e-01
8.9500e+01 8.3500e+01 -9.2212e-01
6.3500e+01 1.5000e+00 -1.8052e+00
8.6500e+01 8.9500e+01 -2.1232e+00
4.2500e+01 2.6500e+01 3.1776e-01
3.8500e+01 8.7500e+01 -7.9948e-01
6.7500e+01 1.1500e+01 -1.0186e+00
1.1050e+02 2.4500e+01 -2.5731e-01
1.1150e+02 8.6500e+01 -7.6228e-01
6.6500e+01 8.5000e+00 -1.4298e+00
9.1500e+01 3.6500e+01 -1.2049e-01
8.7500e+01 4.9500e+01 1.0258e+00
1.1050e+02 8.8500e+01 2.1698e-01
1.3500e+01 6.0500e+01 1.4257e+00
1.1550e+02 2.3500e+01 -9.5163e-01
7.4500e+01 9.7500e+01 5.3666e-01
4.0500e+01 4.0500e+01 1.0370e+00
5.4500e+01 8.4500e+01 -1.1629e+00
4.7500e+01 1.8500e+01 5.0921e-01
5.2500e+01 9.7500e+01 -5.2934e-01
1.3500e+01 4.2500e+01 -6.3739e-01
1.1950e+02 5.1500e+01 -6.1181e-01
4.4500e+01 8.1500e+01 -3.5313e-01
1.9500e+01 9.5500e+01 8.9084e-01
7.7500e+01 3.1500e+01 -2.4727e-01
8.0500e+01 8.5000e+00 -1.7423e+00
2.4500e+01 9.0500e+01 3.6427e-01
8.7500e+01 8.3500e+01 -1.9664e-01
6.5500e+01 4.9500e+01 -9.7012e-01
3.6500e+01 5.3500e+01 6.0938e-01
1.7500e+01 5.7500e+01 2.2987e-02
9.6500e+01 7.3500e+01 -2.8616e+00
7.6500e+01 4.8500e+01 3.1459e-01
3.1500e+01 2.5500e+01 9.0149e-01
7.9500e+01 5.5500e+01 6.7358e-01
5.0000e-01 5.5000e+00 -2.4199e+00
6.9500e+01 2.3500e+01 7.6048e-02
9.6500e+01 2.8500e+01 -3.7902e-01
8.0500e+01 5.4500e+01 8.0940e-01
4.2500e+01 4.5000e+00 -1.4559e+00
8.8500e+01 5.1500e+01 8.1198e-01
3.7500e+01 2.1500e+01 -7.2558e-01
1.4500e+01 9.6500e+01 1.4235e+00
2.5500e+01 4.5500e+01 -3.0003e-01
7.5500e+01 4.4500e+01 1.3585e-01
1.8500e+01 1.8500e+01 8.0406e-01
3.7500e+01 3.7500e+01 1.9203e+00
8.8500e+01 7.9500e+01 -2.5515e+00
6.7500e+01 3.2500e+01 3.2755e-01
1.6500e+01 4.5000e+00 -8.9480e-01
2.6500e+01 3.5500e+01 1.1841e+00
3.5000e+00 4.7500e+01 6.0443e-01
9.1500e+01 3.4500e+01 -1.3865e-01
1.1450e+02 2.9500e+01 2.0567e-01
1.1350e+02 3.2500e+01 1.9833e+00
7.5500e+01 9.8500e+01 5.4268e-01
5.0000e-01 8.1500e+01 -7.0069e-01
9.5000e+00 5.0000e-01 -3.3912e-01
2.0500e+01 2.3500e+01 8.4737e-01
4.1500e+01 8.5000e+00 4.5872e-02
5.6500e+01 9.9500e+01 -8.2823e-01
6.4500e+01 7.9500e+01 -3.6534e-01
1.1150e+02 6.6500e+01 -1.6875e-02
5.5000e+00 1.8500e+01 9.0325e-01
3.3500e+01 4.1500e+01 1.0153e+00
2.1500e+01 8.9500e+01 8.7642e-01
9.7500e+01 8.8500e+01 3.1648e-01
1.5500e+01 1.9500e+01 1.0526e+00
9.5000e+00 7.2500e+01 1.3665e+00
5.2500e+01 5.6500e+01 -1.0050e+00
1.1450e+02 2.5000e+00 3.0768e-01
2.7500e+01 5.5000e+00 -1.3913e+00
7.6500e+01 2.0500e+01 -2.5654e+00
6.5000e+00 9.0500e+01 -3.4869e-01
3.5500e+01 4.5500e+01 2.9909e-01
3.8500e+01 9.0500e+01 -2.6484e-04
9.2500e+01 3.3500e+01 -5.0862e-01
1.0150e+02 2.1500e+01 -7.9066e-01
1.1150e+02 4.7500e+01 -9.2634e-01
1.1250e+02 5.5500e+01 1.6401e-03
3.5000e+00 4.5500e+01 -2.4149e-01
1.1250e+02 8.4500e+01 6.7305e-01
5.4500e+01 8.9500e+01 -3.6060e-01
3.5000e+00 8.7500e+01 5.2543e-01
8.1500e+01 9.1500e+01 -8.9478e-01
1.1450e+02 8.9500e+01 -4.6281e-01
7.4500e+01 7.7500e+01 -1.0935e+00
2.5000e+00 7.6500e+01 4.2438e-01
8.4500e+01 4.2500e+01 -2.5367e-01
5.5500e+01 7.3500e+01 -1.2844e+00
8.5500e+01 2.5000e+00 -7.0021e-01
8.5500e+01 7.1500e+01 -2.0942e+00
5.3500e+01 8.3500e+01 -1.1826e+00
7.6500e+01 2.5000e+00 -2.2392e-01
3.9500e+01 7.4500e+01 9.5968e-01
3.1500e+01 7.1500e+01 2.6973e-01
4.6500e+01 5.3500e+01 5.4321e-01
4.1500e+01 9.0500e+01 1.2512e-01
9.6500e+01 5.9500e+01 8.2575e-01
5.5500e+01 4.3500e+01 9.2253e-01
3.3500e+01 4.6500e+01 3.4305e-01
5.0000e-01 6.4500e+01 4.1173e-01
7.2500e+01 1.7500e+01 -1.0225e+00
1.0750e+02 3.2500e+01 1.3550e+00
9.5500e+01 4.2500e+01 3.4725e-01
9.5000e+00 6.6500e+01 8.4217e-01
1.0550e+02 4.6500e+01 4.0027e-02
5.7500e+01 8.5000e+00 7.6669e-02
3.9500e+01 3.6500e+01 3.0878e+00
6.5000e+00 5.0500e+01 1.7226e+00
9.1500e+01 6.8500e+01 -1.8056e+00
9.7500e+01 5.7500e+01 5.2118e-01
1.1950e+02 9.8500e+01 -1.6045e+00
5.3500e+01 1.2500e+01 -3.5953e-01
7.8500e+01 3.2500e+01 -1.0060e+00
6.5500e+01 5.2500e+01 -6.4368e-01
9.3500e+01 8.8500e+01 4.5146e-01
8.7500e+01 7.4500e+01 -6.0542e-01
1.1550e+02 7.4500e+01 -6.5440e-01
6.3500e+01 7.4500e+01 -1.0567e+00
4.5000e+00 1.2500e+01 -7.3220e-01
1.0650e+02 4.1500e+01 -1.7716e-01
3.7500e+01 4.0500e+01 1.3812e+00
8.8500e+01 8.9500e+01 -7.1035e-01
2.8500e+01 6.8500e+01 7.1942e-01
5.5000e+00 5.0000e-01 1.2453e-01
5.3500e+01 8.2500e+01 -6.7389e-01
4.4500e+01 4.8500e+01 7.7585e-01
5.6500e+01 7.2500e+01 -1.3095e+00
8.5000e+00 1.3500e+01 -4.7681e-01
6.0500e+01 7.8500e+01 -7.6091e-02
9.3500e+01 8.5500e+01 1.1911e-01
6.2500e+01 7.8500e+01 1.2173e-01
1.6500e+01 2.5500e+01 1.1100e+00
3.0500e+01 7.3500e+01 1.1424e+00
1.0950e+02 1.2500e+01 -1.1989e+00
6.4500e+01 7.4500e+01 -1.8674e+00
1.1650e+02 5.5500e+01 -2.6668e-01
7.0500e+01 5.3500e+01 -1.3696e+00
7.4500e+01 6.2500e+01 -1.9734e-01
8.0500e+01 7.1500e+01 -4.1529e-01
8.9500e+01 3.3500e+01 -3.1321e-01
6.9500e+01 2.6500e+01 2.4483e-01
7.0500e+01 3.4500e+01 -4.6504e-01
2.2500e+01 7.0500e+01 3.1861e-01
8.3500e+01 7.0500e+01 -8.6146e-01
8.5500e+01 1.2500e+01 -5.9793e-01
8.9500e+01 4.4500e+01 6.5159e-01
1.0350e+02 8.5500e+01 8.8933e-01
