# x y v
3.3500e+01 3.2500e+01 1.8515e+00
1.0350e+02 2.9500e+01 5.1170e-01
5.0500e+01 2.2500e+01 2.7102e-01
1.9500e+01 8.3500e+01 -8.1563e-01
6.5000e+00 5.1500e+01 2.0330e+00
2.2500e+01 1.6500e+01 1.4673e+00
8.5500e+01 8.0500e+01 -1.1581e+00
3.1500e+01 7.2500e+01 1.5030e-01
8.5000e+00 9.1500e+01 -4.3918e-01
1.3500e+01 4.9500e+01 1.0360e+00
8.5000e+00 9.6500e+01 1.0562e+00
1.0550e+02 3.9500e+01 -6.8300e-01
1.1050e+02 6.4500e+01 -5.7864e-01
1.0850e+02 2.0500e+01 -5.3097e-01
2.8500e+01 5.0000e-01 2.4308e-01
6.5000e+00 3.0500e+01 -5.4230e-02
1.6500e+01 5.3500e+01 9.4340e-01
7.7500e+01 5.3500e+01 8.4212e-01
6.6500e+01 5.3500e+01 -1.7136e+00
1.9500e+01 4.8500e+01 -4.9867e-01
5.0500e+01 9.8500e+01 6.2542e-01
8.7500e+01 4.7500e+01 4.5896e-01
4.6500e+01 7.5500e+01 8.4505e-01
1.0750e+02 6.6500e+01 4.4803e-01
1.3500e+01 2.4500e+01 -7.1185e-02
7.6500e+01 5.3500e+01 7.7487e-01
5.8500e+01 5.6500e+01 -2.0034e-01
5.2500e+01 7.5500e+01 -1.9605e-01
1.1850e+02 7.9500e+01 1.4789e+00
5.0500e+01 5.5500e+01 -1.4998e+00
1.0350e+02 6.4500e+01 3.6504e-01
1.1500e+01 5.2500e+01 1.2887e+00
3.5000e+00 2.0500e+01 1.8175e+00
9.5500e+01 2.2500e+01 2.0826e+00
1.0350e+02 2.7500e+01 -3.0966e-02
9.2500e+01 3.1500e+01 9.9609e-01
5.5000e+00 2.3500e+01 1.1590e+00
1.1750e+02 9.9500e+01 -7.6742e-01
1.3500e+01 3.5000e+00 -1.6502e+00
5.6500e+01 2.5000e+00 2.0646e-01
9.2500e+01 6.9500e+01 -2.9028e+00
4.3500e+01 9.1500e+01 3.6496e-01
4.3500e+01 9.8500e+01 -4.4628e-02
4.4500e+01 4.2500e+01 1.8098e+00
1.9500e+01 3.3500e+01 -1.2021e+00
1.6500e+01 5.0000e-01 -1.7029e+00
3.1500e+01 4.5500e+01 7.5144e-01
1.5500e+01 6.9500e+01 1.1535e+00
7.2500e+01 9.7500e+01 1.1076e+00
7.5500e+01 1.8500e+01 -8.8408e-01
3.7500e+01 9.3500e+01 2.4821e-01
7.9500e+01 6.7500e+01 1.0542e+00
8.9500e+01 8.3500e+01 -8.7289e-01
6.3500e+01 1.5000e+00 -2.2817e+00
8.6500e+01 8.9500e+01 -1.1529e+00
4.2500e+01 2.6500e+01 2.3346e-01
3.8500e+01 8.7500e+01 -6.6861e-01
6.7500e+01 1.1500e+01 -7.5654e-01
1.1050e+02 2.4500e+01 8.9849e-02
1.1150e+02 8.6500e+01 -6.8181e-01
6.6500e+01 8.5000e+00 -1.9147e-01
9.1500e+01 3.6500e+01 2.7611e-01
8.7500e+01 4.9500e+01 6.7849e-01
1.1050e+02 8.8500e+01 5.2937e-02
1.3500e+01 6.0500e+01 1.0183e+00
1.1550e+02 2.3500e+01 -1.1302e+00
7.4500e+01 9.7500e+01 7.2283e-01
4.0500e+01 4.0500e+01 1.4561e+00
5.4500e+01 8.4500e+01 -1.4337e+00
4.7500e+01 1.8500e+01 6.5529e-01
5.2500e+01 9.7500e+01 2.3124e-01
1.3500e+01 4.2500e+01 1.1833e-01
1.1950e+02 5.1500e+01 -4.3118e-01
4.4500e+01 8.1500e+01 -2.9358e-01
1.9500e+01 9.5500e+01 8.2166e-01
7.7500e+01 3.1500e+01 4.1485e-02
8.0500e+01 8.5000e+00 -1.5070e+00
2.4500e+01 9.0500e+01 7.3276e-01
8.7500e+01 8.3500e+01 -7.0475e-01
6.5500e+01 4.9500e+01 -6.6868e-01
3.6500e+01 5.3500e+01 -1.1283e-01
1.7500e+01 5.7500e+01 3.3163e-02
9.6500e+01 7.3500e+01 -3.0255e+00
7.6500e+01 4.8500e+01 7.0264e-01
3.1500e+01 2.5500e+01 5.6847e-02
7.9500e+01 5.5500e+01 6.4847e-01
5.0000e-01 5.5000e+00 -3.0632e+00
6.9500e+01 2.3500e+01 2.3293e-02
9.6500e+01 2.8500e+01 1.5868e-01
8.0500e+01 5.4500e+01 5.2641e-01
4.2500e+01 4.5000e+00 -9.0705e-01
8.8500e+01 5.1500e+01 4.5875e-01
3.7500e+01 2.1500e+01 -1.8062e+00
1.4500e+01 9.6500e+01 1.9912e+00
2.5500e+01 4.5500e+01 -3.2868e-01
7.5500e+01 4.4500e+01 8.7056e-02
1.8500e+01 1.8500e+01 1.4949e+00
3.7500e+01 3.7500e+01 1.8104e+00
8.8500e+01 7.9500e+01 -1.7364e+00
6.7500e+01 3.2500e+01 7.5753e-01
1.6500e+01 4.5000e+00 -1.4313e+00
2.6500e+01 3.5500e+01 2.2058e-01
3.5000e+00 4.7500e+01 8.8752e-01
9.1500e+01 3.4500e+01 2.1671e-01
1.1450e+02 2.9500e+01 5.5489e-02
1.1350e+02 3.2500e+01 1.5898e+00
7.5500e+01 9.8500e+01 1.4443e-01
5.0000e-01 8.1500e+01 -6.4340e-01
9.5000e+00 5.0000e-01 -4.3402e-01
2.0500e+01 2.3500e+01 1.4891e+00
4.1500e+01 8.5000e+00 -2.1921e-01
5.6500e+01 9.9500e+01 8.8988e-02
6.4500e+01 7.9500e+01 3.8355e-01
1.1150e+02 6.6500e+01 -1.9754e-01
5.5000e+00 1.8500e+01 1.8594e+00
3.3500e+01 4.1500e+01 3.7154e-01
2.1500e+01 8.9500e+01 4.4136e-01
9.7500e+01 8.8500e+01 1.0597e+00
1.5500e+01 1.9500e+01 1.0472e+00
9.5000e+00 7.2500e+01 1.5268e+00
5.2500e+01 5.6500e+01 -1.5354e+00
1.1450e+02 2.5000e+00 1.5473e+00
2.7500e+01 5.5000e+00 -9.5273e-01
7.6500e+01 2.0500e+01 -1.6711e+00
6.5000e+00 9.0500e+01 -1.0709e+00
3.5500e+01 4.5500e+01 3.1526e-01
3.8500e+01 9.0500e+01 1.4534e-01
9.2500e+01 3.3500e+01 5.9651e-01
1.0150e+02 2.1500e+01 -9.7777e-01
1.1150e+02 4.7500e+01 -1.0003e+00
1.1250e+02 5.5500e+01 -5.3153e-01
3.5000e+00 4.5500e+01 2.3023e-01
1.1250e+02 8.4500e+01 -1.4380e-01
5.4500e+01 8.9500e+01 -9.8772e-01
3.5000e+00 8.7500e+01 -8.2298e-01
8.1500e+01 9.1500e+01 -1.3336e+00
1.1450e+02 8.9500e+01 -5.3803e-01
7.4500e+01 7.7500e+01 -6.3351e-01
2.5000e+00 7.6500e+01 -1.1629e+00
8.4500e+01 4.2500e+01 -4.5429e-01
5.5500e+01 7.3500e+01 -1.2332e+00
8.5500e+01 2.5000e+00 1.8503e-01
8.5500e+01 7.1500e+01 -1.5373e+00
5.3500e+01 8.3500e+01 -1.1859e+00
7.6500e+01 2.5000e+00 -8.2432e-02
3.9500e+01 7.4500e+01 1.7526e+00
3.1500e+01 7.1500e+01 3.1034e-01
4.6500e+01 5.3500e+01 -6.9738e-01
4.1500e+01 9.0500e+01 5.1526e-01
9.6500e+01 5.9500e+01 7.0538e-01
5.5500e+01 4.3500e+01 5.3961e-01
3.3500e+01 4.6500e+01 1.8695e-01
5.0000e-01 6.4500e+01 9.7397e-02
7.2500e+01 1.7500e+01 -8.4774e-01
1.0750e+02 3.2500e+01 8.2474e-01
9.5500e+01 4.2500e+01 -3.8222e-01
9.5000e+00 6.6500e+01 1.4228e+00
1.0550e+02 4.6500e+01 -3.3644e-01
5.7500e+01 8.5000e+00 -2.3880e-02
3.9500e+01 3.6500e+01 2.1961e+00
6.5000e+00 5.0500e+01 1.8802e+00
9.1500e+01 6.8500e+01 -2.3410e+00
9.7500e+01 5.7500e+01 9.9129e-01
1.1950e+02 9.8500e+01 -1.3129e+00
5.3500e+01 1.2500e+01 -3.3747e-01
7.8500e+01 3.2500e+01 -3.1444e-01
6.5500e+01 5.2500e+01 -1.0312e+00
9.3500e+01 8.8500e+01 1.0159e+00
8.7500e+01 7.4500e+01 -1.3261e+00
1.1550e+02 7.4500e+01 -5.9282e-01
6.3500e+01 7.4500e+01 -1.0819e+00
4.5000e+00 1.2500e+01 -1.0236e+00
1.0650e+02 4.1500e+01 -8.4583e-01
3.7500e+01 4.0500e+01 1.1919e+00
8.8500e+01 8.9500e+01 -5.0486e-01
2.8500e+01 6.8500e+01 1.2797e+00
5.5000e+00 5.0000e-01 1.2478e+00
5.3500e+01 8.2500e+01 -7.8395e-01
4.4500e+01 4.8500e+01 2.0165e-01
5.6500e+01 7.2500e+01 -1.4016e+00
8.5000e+00 1.3500e+01 -8.0848e-02
6.0500e+01 7.8500e+01 -6.5934e-01
9.3500e+01 8.5500e+01 3.5316e-01
6.2500e+01 7.8500e+01 -2.8119e-01
1.6500e+01 2.5500e+01 7.7133e-01
3.0500e+01 7.3500e+01 5.4559e-02
1.0950e+02 1.2500e+01 -1.4263e+00
6.4500e+01 7.4500e+01 -9.4537e-01
1.1650e+02 5.5500e+01 -3.0149e-01
7.0500e+01 5.3500e+01 -1.4533e+00
7.4500e+01 6.2500e+01 -8.5328e-01
8.0500e+01 7.1500e+01 1.6433e-01
8.9500e+01 3.3500e+01 -1.4364e-01
6.9500e+01 2.6500e+01 4.2298e-01
7.0500e+01 3.4500e+01 -1.0444e+00
2.2500e+01 7.0500e+01 2.9155e-01
8.3500e+01 7.0500e+01 -1.2460e-01
8.5500e+01 1.2500e+01 -9.0013e-01
8.9500e+01 4.4500e+01 -3.2941e-01
1.0350e+02 8.5500e+01 6.4672e-01
