# x y
7.5250e+04 2.6750e+04 2.7701e+02
3.1750e+04 2.3250e+04 3.9670e+02
4.2500e+03 2.8750e+04 2.8925e+02
5.0250e+04 4.1250e+04 4.6086e+02
9.6250e+04 5.9750e+04 2.3373e+02
7.3250e+04 5.7500e+03 3.3610e+02
4.5750e+04 2.4250e+04 5.1242e+02
5.7250e+04 2.2750e+04 2.7401e+02
5.4250e+04 4.5250e+04 3.0125e+02
3.7250e+04 7.2500e+03 2.1556e+02
5.2500e+03 8.5750e+04 5.1711e+02
5.6250e+04 7.7250e+04 3.7228e+02
8.2750e+04 8.8250e+04 7.3834e+02
1.9750e+04 9.8750e+04 5.2747e+02
5.8250e+04 6.1250e+04 3.3701e+02
1.7750e+04 8.1750e+04 3.9525e+02
5.5750e+04 4.3750e+04 3.9568e+02
7.6250e+04 1.2750e+04 3.0857e+02
5.2250e+04 4.5750e+04 3.5604e+02
8.0750e+04 5.7250e+04 3.4064e+02
8.4750e+04 5.6750e+04 4.1397e+02
4.7750e+04 4.9250e+04 3.5337e+02
9.9250e+04 5.1250e+04 1.6737e+02
6.2750e+04 9.2500e+03 3.9813e+02
5.1250e+04 9.7250e+04 2.8634e+02
9.7500e+03 7.8750e+04 6.4622e+02
8.5750e+04 5.3250e+04 2.8307e+02
7.4250e+04 2.0250e+04 2.9866e+02
7.5250e+04 3.2250e+04 1.4862e+02
9.2750e+04 3.4750e+04 3.2085e+02
3.3750e+04 9.1250e+04 4.0910e+02
1.7500e+03 6.8750e+04 4.2338e+02
3.2500e+03 3.4250e+04 2.3529e+02
4.8750e+04 2.4750e+04 3.3830e+02
9.7750e+04 8.2500e+03 1.0506e+02
3.2500e+03 2.5250e+04 3.6704e+02
9.9750e+04 2.0750e+04 4.4832e+02
8.3250e+04 7.0750e+04 2.4942e+02
4.2500e+03 4.0750e+04 5.0987e+02
1.8250e+04 8.3250e+04 3.5431e+02
5.4750e+04 6.7250e+04 3.5003e+02
7.4250e+04 9.7500e+03 3.4387e+02
6.3250e+04 5.4250e+04 4.0933e+02
5.2500e+03 6.2500e+03 3.1480e+02
4.2750e+04 6.1250e+04 2.8729e+02
5.7250e+04 2.3250e+04 2.8435e+02
7.2250e+04 8.3750e+04 2.1355e+02
9.3750e+04 8.4250e+04 5.7943e+02
5.6250e+04 7.5750e+04 5.2035e+02
5.0750e+04 3.8750e+04 5.4314e+02
5.8250e+04 7.2500e+03 4.7684e+02
9.1250e+04 5.6250e+04 1.6668e+02
5.7500e+03 1.3250e+04 3.1045e+02
7.5000e+02 6.2500e+03 3.8375e+02
7.8250e+04 2.7250e+04 1.2435e+02
5.5250e+04 8.6250e+04 4.2381e+02
3.7750e+04 9.2500e+03 2.3655e+02
2.7750e+04 2.5000e+02 2.5937e+02
2.5250e+04 9.7500e+03 2.3171e+02
7.5750e+04 5.1250e+04 3.6188e+02
9.6250e+04 9.9750e+04 7.4986e+02
6.5750e+04 9.0250e+04 2.6331e+02
1.7500e+03 5.2250e+04 2.0235e+02
1.2500e+03 2.9250e+04 3.1660e+02
3.7500e+03 8.4250e+04 4.4362e+02
6.7500e+03 4.1250e+04 4.7210e+02
7.4750e+04 9.0750e+04 5.7816e+02
2.0750e+04 2.8750e+04 5.2901e+02
8.5750e+04 7.5000e+02 4.7048e+02
6.0250e+04 4.4250e+04 2.1554e+02
9.0750e+04 7.8750e+04 5.7661e+02
3.5750e+04 6.7250e+04 5.1462e+02
8.7750e+04 5.1750e+04 3.4500e+02
7.2250e+04 6.9250e+04 5.8248e+02
3.2750e+04 8.5250e+04 4.0604e+02
6.3250e+04 1.4750e+04 4.0214e+02
4.3250e+04 2.4750e+04 4.2931e+02
2.5000e+02 1.3250e+04 2.0164e+02
8.4750e+04 8.6750e+04 7.4922e+02
2.8750e+04 7.7500e+03 2.3918e+02
2.5250e+04 6.5250e+04 3.6076e+02
7.2500e+03 3.5750e+04 3.4305e+02
3.4250e+04 4.2750e+04 4.3141e+02
7.3750e+04 2.1250e+04 3.5286e+02
8.5250e+04 1.2500e+03 4.5968e+02
2.0750e+04 6.7500e+03 3.5356e+02
6.7250e+04 3.8250e+04 2.3823e+02
6.6250e+04 9.5250e+04 3.1279e+02
8.5250e+04 8.3750e+04 7.8184e+02
2.6750e+04 1.7250e+04 2.3425e+02
8.4250e+04 6.2250e+04 1.7065e+02
3.2250e+04 5.9250e+04 3.5673e+02
4.4750e+04 4.3750e+04 4.9200e+02
1.1250e+04 1.9750e+04 2.4407e+02
8.5250e+04 2.9750e+04 2.2699e+02
9.5750e+04 6.8750e+04 6.3647e+02
8.0750e+04 9.8250e+04 4.2451e+02
7.4750e+04 8.8250e+04 5.3365e+02
6.4250e+04 9.6250e+04 3.6738e+02
6.3250e+04 5.9750e+04 2.8476e+02
4.7250e+04 2.1750e+04 5.0077e+02
9.3750e+04 2.0750e+04 3.3789e+02
7.2750e+04 8.5250e+04 4.4762e+02
7.9750e+04 8.2250e+04 5.9979e+02
2.2750e+04 7.5250e+04 5.2774e+02
9.1250e+04 5.8750e+04 1.7088e+02
5.5750e+04 3.0250e+04 5.0677e+02
5.3250e+04 4.2250e+04 4.6552e+02
7.9250e+04 9.0750e+04 4.3954e+02
7.1750e+04 4.0750e+04 1.6498e+02
8.7250e+04 3.4750e+04 4.4972e+02
7.2750e+04 7.3250e+04 3.9141e+02
1.2500e+03 1.2250e+04 2.1280e+02
5.3250e+04 4.1250e+04 3.9054e+02
6.2750e+04 6.7250e+04 4.1075e+02
8.1250e+04 6.5250e+04 2.9393e+02
6.5750e+04 3.4250e+04 2.7427e+02
3.3250e+04 5.9750e+04 5.0224e+02
5.3750e+04 3.9250e+04 4.8489e+02
4.3750e+04 1.1250e+04 3.0469e+02
2.4750e+04 3.1250e+04 4.6350e+02
1.1750e+04 3.7250e+04 4.5984e+02
8.3750e+04 3.0750e+04 2.4060e+02
1.9750e+04 8.7500e+03 3.0008e+02
5.3250e+04 9.8750e+04 3.8546e+02
4.2750e+04 2.7250e+04 3.1986e+02
9.1250e+04 2.0250e+04 2.0502e+02
2.2500e+03 4.6250e+04 3.9535e+02
6.6750e+04 6.9750e+04 7.2745e+02
9.7500e+03 1.1250e+04 4.6735e+02
8.9250e+04 5.3250e+04 3.0530e+02
7.1750e+04 3.7250e+04 1.5020e+02
6.2750e+04 7.8250e+04 6.2526e+02
9.2750e+04 7.5250e+04 4.1731e+02
8.3250e+04 6.7750e+04 1.7873e+02
6.4250e+04 8.3250e+04 4.2246e+02
5.0750e+04 7.3250e+04 4.6420e+02
5.7250e+04 6.1750e+04 2.8294e+02
3.0750e+04 8.0750e+04 3.2643e+02
1.4250e+04 1.7500e+03 3.2836e+02
9.7750e+04 9.5750e+04 8.8751e+02
8.0250e+04 3.7750e+04 3.6288e+02
2.6250e+04 3.5750e+04 4.3368e+02
5.5750e+04 2.1750e+04 3.0977e+02
9.2250e+04 7.8750e+04 6.3885e+02
8.9750e+04 7.3250e+04 4.5300e+02
1.2500e+03 9.5250e+04 4.6767e+02
7.9750e+04 5.2500e+03 4.5155e+02
1.4750e+04 4.5750e+04 2.9887e+02
3.2500e+03 2.0250e+04 4.1671e+02
8.5750e+04 7.8250e+04 4.7316e+02
8.2500e+03 8.7750e+04 5.5106e+02
9.0750e+04 2.2250e+04 2.2025e+02
1.7250e+04 1.6750e+04 2.2130e+02
6.4750e+04 7.2500e+03 2.8635e+02
7.2500e+03 3.3250e+04 2.7913e+02
1.5750e+04 3.5250e+04 4.8259e+02
7.6250e+04 8.9250e+04 5.8393e+02
4.9750e+04 5.8250e+04 2.4990e+02
6.2500e+03 2.7250e+04 2.9541e+02
8.7250e+04 6.0750e+04 1.6924e+02
4.8250e+04 4.7250e+04 3.2830e+02
7.2500e+03 7.5250e+04 4.2166e+02
5.8750e+04 4.7750e+04 1.8767e+02
8.5750e+04 8.8250e+04 6.7921e+02
9.8750e+04 2.4750e+04 4.7867e+02
2.0750e+04 4.8750e+04 3.4107e+02
1.9250e+04 6.3250e+04 4.3918e+02
8.0750e+04 1.2500e+03 3.9579e+02
2.5000e+02 1.4750e+04 1.9727e+02
1.0750e+04 1.6750e+04 2.9605e+02
3.6250e+04 4.3750e+04 4.4537e+02
8.6250e+04 3.8750e+04 3.9156e+02
8.5750e+04 8.2500e+03 3.2502e+02
5.8250e+04 4.8750e+04 1.6814e+02
2.6750e+04 1.2250e+04 1.8967e+02
6.8250e+04 2.5250e+04 5.2538e+02
2.7500e+03 9.8250e+04 5.7274e+02
4.3250e+04 7.6250e+04 4.3921e+02
5.7250e+04 5.5250e+04 3.7689e+02
9.5750e+04 4.0750e+04 1.5431e+02
4.9250e+04 8.8250e+04 2.8329e+02
5.2750e+04 4.6250e+04 3.4072e+02
9.0250e+04 1.2750e+04 1.2017e+02
7.4750e+04 6.8250e+04 3.5065e+02
8.2500e+03 5.0250e+04 2.1747e+02
4.4750e+04 4.5750e+04 4.6892e+02
2.1750e+04 9.7500e+03 3.0483e+02
9.2750e+04 1.3250e+04 1.1576e+02
8.9750e+04 9.7750e+04 6.9118e+02
6.1250e+04 8.0250e+04 5.5085e+02
7.5250e+04 1.5750e+04 4.4887e+02
5.7750e+04 9.2500e+03 4.3599e+02
7.0250e+04 9.3250e+04 3.1748e+02
5.7250e+04 8.4750e+04 3.0066e+02
7.3750e+04 6.6750e+04 5.4058e+02
1.2500e+03 8.3750e+04 4.5971e+02
3.5750e+04 8.1750e+04 3.4527e+02
2.0250e+04 1.4750e+04 2.0513e+02
5.8750e+04 5.7500e+03 3.8475e+02
4.3250e+04 8.7250e+04 5.7408e+02
6.7500e+03 2.4250e+04 2.7832e+02
3.8750e+04 5.2750e+04 2.5385e+02
4.6250e+04 4.3750e+04 4.3546e+02
6.3750e+04 8.2750e+04 4.6724e+02
5.3750e+04 9.2500e+03 4.6141e+02
7.2250e+04 9.0250e+04 5.9967e+02
1.8750e+04 4.7500e+03 4.6598e+02
1.2500e+03 2.2500e+03 3.1635e+02
2.1250e+04 2.3250e+04 3.4519e+02
9.2750e+04 6.7500e+03 2.7089e+02
9.6250e+04 8.6750e+04 6.4781e+02
3.9250e+04 8.1250e+04 4.5854e+02
1.5250e+04 4.1250e+04 2.7950e+02
6.1250e+04 1.8750e+04 3.2043e+02
1.0250e+04 9.4750e+04 4.9345e+02
8.7500e+03 9.9750e+04 6.9379e+02
9.4750e+04 5.2500e+03 1.8690e+02
5.6750e+04 9.5250e+04 4.9051e+02
7.2500e+03 5.2750e+04 2.1496e+02
8.3250e+04 2.2500e+03 3.4516e+02
8.8750e+04 7.0750e+04 5.2060e+02
5.1250e+04 2.1750e+04 4.1989e+02
7.3750e+04 2.9250e+04 2.6114e+02
9.3750e+04 7.1250e+04 5.0555e+02
1.5750e+04 2.7750e+04 3.7933e+02
4.3250e+04 8.2500e+03 3.5383e+02
5.3250e+04 1.3750e+04 5.2053e+02
9.7750e+04 1.8750e+04 3.5867e+02
3.0750e+04 2.4750e+04 4.9925e+02
3.2500e+03 7.7250e+04 5.1285e+02
9.2750e+04 7.2500e+03 2.4703e+02
5.7500e+03 6.8250e+04 4.3658e+02
9.4250e+04 1.3750e+04 1.4322e+02
4.2750e+04 3.4250e+04 4.9315e+02
7.4250e+04 7.7750e+04 1.9287e+02
5.1750e+04 2.9750e+04 3.5203e+02
6.7750e+04 7.6250e+04 4.8737e+02
1.7250e+04 4.5750e+04 3.7527e+02
3.9250e+04 1.3250e+04 3.3860e+02
2.5750e+04 6.2500e+03 2.8843e+02
6.5750e+04 8.0750e+04 2.7062e+02
2.9750e+04 7.6250e+04 4.1260e+02
5.6250e+04 6.9250e+04 5.0711e+02
8.4750e+04 8.5750e+04 6.4037e+02
3.6250e+04 2.2500e+03 1.8214e+02
6.1250e+04 2.6250e+04 4.1118e+02
9.6750e+04 5.3750e+04 1.7652e+02
1.1750e+04 5.2750e+04 2.2634e+02
4.2250e+04 8.4250e+04 4.4134e+02
1.1250e+04 1.6750e+04 2.7997e+02
8.2250e+04 1.7500e+03 3.1855e+02
7.1250e+04 3.8250e+04 1.4470e+02
1.2250e+04 9.7750e+04 6.3238e+02
2.0750e+04 1.2750e+04 2.3613e+02
6.9250e+04 6.7750e+04 5.9779e+02
2.8750e+04 6.9250e+04 4.5718e+02
6.0750e+04 1.3250e+04 5.8840e+02
7.9750e+04 7.6250e+04 2.6852e+02
7.0250e+04 3.6250e+04 1.8098e+02
2.4250e+04 4.6750e+04 3.5953e+02
9.7750e+04 7.8750e+04 6.0120e+02
7.0750e+04 9.9250e+04 4.7154e+02
5.6750e+04 9.2250e+04 2.2734e+02
2.7750e+04 5.7500e+03 3.6385e+02
5.8250e+04 3.0750e+04 4.8063e+02
1.7750e+04 6.7250e+04 3.5558e+02
8.1750e+04 6.4750e+04 1.9617e+02
9.3750e+04 7.5750e+04 4.5372e+02
7.2750e+04 3.6750e+04 1.3704e+02
8.9250e+04 7.0750e+04 5.2747e+02
3.2750e+04 9.7500e+03 1.9686e+02
1.5250e+04 9.1250e+04 4.8477e+02
6.1750e+04 7.7250e+04 5.6414e+02
7.0750e+04 9.4250e+04 3.1940e+02
9.0750e+04 6.4250e+04 2.6485e+02
9.9250e+04 6.4750e+04 3.0328e+02
7.5750e+04 1.2750e+04 2.9656e+02
1.2750e+04 3.2750e+04 4.2604e+02
3.3250e+04 6.0750e+04 4.3687e+02
3.2750e+04 2.8250e+04 3.5814e+02
8.1750e+04 8.0750e+04 4.9659e+02
6.2250e+04 1.7750e+04 3.7873e+02
4.4750e+04 1.7750e+04 5.0177e+02
3.6750e+04 9.7250e+04 2.6082e+02
5.5750e+04 1.4250e+04 4.1533e+02
7.4250e+04 8.2250e+04 2.2953e+02
3.7500e+03 9.5750e+04 5.3505e+02
8.8750e+04 3.3250e+04 4.4377e+02
8.1750e+04 8.1250e+04 4.5441e+02
3.0250e+04 7.6250e+04 4.4117e+02
7.2500e+03 3.7750e+04 3.5230e+02
1.7250e+04 4.7750e+04 4.0463e+02
6.9250e+04 3.8750e+04 1.8428e+02
7.8250e+04 1.7750e+04 3.1048e+02
7.2750e+04 8.5750e+04 3.7509e+02
5.4250e+04 4.6750e+04 2.5503e+02
4.7750e+04 1.0250e+04 4.7760e+02
9.8750e+04 5.9750e+04 4.3938e+02
8.8250e+04 5.1750e+04 3.5396e+02
7.5000e+02 5.8250e+04 2.6644e+02
9.6750e+04 1.9750e+04 2.7327e+02
7.5000e+02 4.9750e+04 3.0700e+02
4.4750e+04 3.3250e+04 4.7497e+02
5.7250e+04 3.0750e+04 4.0909e+02
1.7250e+04 4.0250e+04 2.9614e+02
1.7750e+04 6.4750e+04 3.7100e+02
3.5750e+04 7.0250e+04 4.0551e+02
8.4250e+04 5.8250e+04 3.8682e+02
5.1250e+04 5.6750e+04 1.9851e+02
1.7250e+04 1.3250e+04 2.4542e+02
4.0250e+04 3.1750e+04 3.5358e+02
5.2250e+04 2.3750e+04 3.3486e+02
1.2500e+03 5.4750e+04 2.2408e+02
9.9750e+04 5.6750e+04 2.1862e+02
6.9750e+04 3.3250e+04 2.9990e+02
1.1750e+04 8.7750e+04 3.7267e+02
7.3750e+04 8.0750e+04 1.9794e+02
6.8750e+04 8.1750e+04 2.0246e+02
4.5250e+04 1.0250e+04 3.8859e+02
9.4250e+04 5.4750e+04 1.6872e+02
8.9750e+04 4.0750e+04 2.6689e+02
8.4250e+04 6.1250e+04 1.7136e+02
2.7750e+04 5.2500e+03 3.7578e+02
4.2250e+04 9.8250e+04 4.3956e+02
7.7250e+04 8.5250e+04 4.5939e+02
5.5250e+04 1.3250e+04 5.0424e+02
9.0250e+04 8.1750e+04 4.5017e+02
6.5750e+04 7.5750e+04 5.5832e+02
4.3250e+04 5.2250e+04 2.6885e+02
7.5750e+04 6.9250e+04 2.9211e+02
5.8250e+04 8.4250e+04 4.2932e+02
4.0750e+04 1.8250e+04 4.6404e+02
1.6750e+04 3.7750e+04 3.6890e+02
3.8250e+04 7.0250e+04 3.7147e+02
2.2250e+04 5.5750e+04 4.7784e+02
1.4750e+04 2.4250e+04 2.8654e+02
3.5750e+04 3.1750e+04 4.7431e+02
8.2750e+04 3.7750e+04 4.5385e+02
4.4750e+04 8.3750e+04 4.7000e+02
5.7500e+03 5.3750e+04 2.2911e+02
3.9750e+04 8.8750e+04 5.2871e+02
2.9750e+04 2.3250e+04 3.7481e+02
8.8750e+04 4.1750e+04 2.6141e+02
4.3250e+04 6.9750e+04 2.6804e+02
4.2500e+03 7.7500e+03 3.5725e+02
8.0250e+04 8.9750e+04 4.9799e+02
9.6750e+04 4.6250e+04 1.5012e+02
9.1250e+04 6.5750e+04 3.6516e+02
4.9750e+04 9.4250e+04 2.3667e+02
4.6250e+04 4.2750e+04 5.2472e+02
4.7500e+03 9.2250e+04 4.1904e+02
7.7250e+04 6.4250e+04 5.8009e+02
1.8250e+04 8.0750e+04 4.2617e+02
7.9750e+04 6.9250e+04 2.1136e+02
4.6750e+04 9.6750e+04 2.9876e+02
8.4250e+04 4.4750e+04 2.9168e+02
2.5750e+04 1.1250e+04 1.9884e+02
9.4750e+04 4.4250e+04 1.8862e+02
5.6250e+04 5.2250e+04 1.7348e+02
4.3750e+04 7.7250e+04 5.4607e+02
2.1250e+04 1.8750e+04 2.4288e+02
4.7250e+04 6.9750e+04 2.7538e+02
7.8250e+04 1.8250e+04 3.4392e+02
5.5750e+04 1.2500e+03 5.0693e+02
2.7250e+04 5.3750e+04 4.6532e+02
7.0750e+04 9.5250e+04 3.9581e+02
5.8750e+04 1.0750e+04 4.8654e+02
9.7250e+04 6.6750e+04 4.4170e+02
6.8750e+04 6.0250e+04 3.6659e+02
9.6250e+04 2.5750e+04 3.5189e+02
5.4250e+04 1.5750e+04 4.0571e+02
2.3250e+04 9.1750e+04 5.9575e+02
9.7750e+04 3.8750e+04 1.5596e+02
3.2750e+04 4.2250e+04 4.7555e+02
5.1750e+04 7.4750e+04 3.9396e+02
9.6250e+04 2.7500e+03 2.7302e+02
8.5750e+04 8.7750e+04 7.1792e+02
3.5250e+04 9.8750e+04 2.6361e+02
5.3250e+04 3.1250e+04 3.9597e+02
1.8250e+04 7.4250e+04 6.4293e+02
3.1750e+04 7.2250e+04 4.5825e+02
5.0750e+04 4.8250e+04 3.5495e+02
4.8750e+04 5.2250e+04 2.0244e+02
4.9750e+04 5.5250e+04 2.6251e+02
1.2750e+04 2.8250e+04 3.5851e+02
1.8250e+04 8.8750e+04 3.9232e+02
2.5250e+04 7.5750e+04 5.2807e+02
5.7500e+03 1.7750e+04 3.8686e+02
1.7500e+03 3.9250e+04 3.8793e+02
8.6250e+04 5.1250e+04 2.5596e+02
4.7250e+04 6.7750e+04 2.3419e+02
2.2500e+03 5.1750e+04 2.2742e+02
8.4250e+04 4.7250e+04 2.5315e+02
5.4250e+04 1.5250e+04 4.4521e+02
5.9750e+04 7.3250e+04 6.3531e+02
3.1750e+04 3.1250e+04 4.2218e+02
6.0750e+04 3.8250e+04 5.2667e+02
6.1250e+04 8.6750e+04 2.1904e+02
2.8250e+04 5.1250e+04 5.3467e+02
