# x y data
3.6250e+04 1.2750e+04 3.1613e+02
7.0250e+04 7.0750e+04 3.9201e+02
8.3750e+04 9.7750e+04 4.5388e+02
4.1250e+04 7.8750e+04 5.3618e+02
7.8750e+04 6.0750e+04 4.7022e+02
4.8250e+04 9.3750e+04 2.3950e+02
6.8750e+04 1.6250e+04 2.5621e+02
1.1250e+04 7.3750e+04 4.5444e+02
6.5250e+04 9.7500e+03 4.0772e+02
9.9750e+04 4.2750e+04 1.4557e+02
9.9750e+04 3.7750e+04 1.4921e+02
9.3750e+04 8.3750e+04 5.6546e+02
4.5750e+04 2.8750e+04 3.2118e+02
8.0750e+04 3.6750e+04 3.3278e+02
9.1250e+04 6.6250e+04 4.3185e+02
3.2250e+04 4.1250e+04 5.0812e+02
2.8750e+04 6.0250e+04 3.0726e+02
9.2750e+04 4.5250e+04 2.2151e+02
4.0750e+04 5.1750e+04 2.3834e+02
1.2250e+04 1.8750e+04 2.3802e+02
2.4250e+04 8.9750e+04 5.1180e+02
9.9250e+04 3.6750e+04 1.5706e+02
8.2750e+04 4.3250e+04 3.2346e+02
1.7250e+04 9.0750e+04 4.9206e+02
9.6750e+04 2.5000e+02 2.2805e+02
3.2750e+04 4.3250e+04 4.4505e+02
3.3250e+04 5.9250e+04 4.5582e+02
2.2250e+04 7.7500e+03 3.2947e+02
1.3250e+04 5.0750e+04 3.0851e+02
5.2500e+03 6.2250e+04 4.2098e+02
2.8250e+04 4.2250e+04 5.9363e+02
2.5000e+02 2.2750e+04 2.6923e+02
3.7250e+04 1.1250e+04 2.4516e+02
5.1250e+04 4.9250e+04 3.5797e+02
3.6250e+04 5.8750e+04 5.0675e+02
2.7750e+04 8.1750e+04 3.0488e+02
7.4750e+04 8.1750e+04 2.1419e+02
7.7250e+04 2.9750e+04 1.2867e+02
1.8250e+04 2.9250e+04 4.8848e+02
7.0250e+04 7.6250e+04 4.0241e+02
1.3750e+04 8.2250e+04 4.5533e+02
2.0250e+04 7.8750e+04 5.8722e+02
5.9750e+04 3.7250e+04 7.2562e+02
8.5750e+04 4.8750e+04 2.0102e+02
1.4750e+04 7.8750e+04 5.9353e+02
7.8750e+04 8.8250e+04 5.0778e+02
1.5750e+04 8.7500e+03 4.3012e+02
8.3250e+04 6.0750e+04 3.3114e+02
2.1750e+04 6.6250e+04 3.5376e+02
6.3750e+04 3.5250e+04 4.6303e+02
6.1250e+04 9.6750e+04 3.1491e+02
1.7750e+04 5.1750e+04 2.6729e+02
1.9750e+04 4.3250e+04 4.0597e+02
1.3250e+04 8.0750e+04 4.8519e+02
1.2500e+03 8.1750e+04 5.0641e+02
5.0250e+04 9.4750e+04 2.4210e+02
7.8250e+04 9.3750e+04 3.7087e+02
5.3750e+04 6.7750e+04 4.0216e+02
6.9250e+04 7.4250e+04 4.8502e+02
6.2500e+03 2.1250e+04 3.1958e+02
9.8750e+04 7.2500e+03 1.0483e+02
7.1750e+04 4.7500e+03 2.4306e+02
6.1250e+04 5.1750e+04 2.7885e+02
4.0250e+04 8.1750e+04 5.1703e+02
9.7750e+04 5.6750e+04 2.8398e+02
8.3250e+04 3.3750e+04 3.0908e+02
8.9750e+04 2.3750e+04 2.8993e+02
9.8250e+04 4.9250e+04 1.5660e+02
6.6250e+04 8.2250e+04 4.1098e+02
4.0750e+04 5.3250e+04 3.1761e+02
4.8750e+04 7.0250e+04 3.4785e+02
8.5750e+04 6.5250e+04 1.8001e+02
7.1750e+04 9.0750e+04 5.8546e+02
5.3250e+04 2.3750e+04 2.9026e+02
5.7500e+03 1.8250e+04 3.7996e+02
8.0750e+04 2.1250e+04 1.7189e+02
7.5750e+04 4.9250e+04 4.4965e+02
3.4250e+04 3.2750e+04 5.4468e+02
4.5750e+04 5.0750e+04 2.3187e+02
8.8250e+04 8.9250e+04 5.8390e+02
7.7250e+04 1.6750e+04 3.7601e+02
2.6750e+04 2.8750e+04 4.6501e+02
6.9750e+04 3.4250e+04 2.7138e+02
5.2250e+04 3.5250e+04 5.9393e+02
6.4250e+04 5.4750e+04 4.1503e+02
3.9250e+04 2.0250e+04 4.9517e+02
1.2750e+04 4.5750e+04 2.5460e+02
9.5750e+04 7.3250e+04 6.0744e+02
1.5250e+04 3.7750e+04 4.5144e+02
4.4750e+04 2.7250e+04 3.1288e+02
6.5250e+04 3.1250e+04 4.9801e+02
8.7500e+03 9.2500e+03 4.3600e+02
2.7750e+04 7.5750e+04 4.6799e+02
9.0750e+04 3.6750e+04 3.1162e+02
9.4250e+04 6.6750e+04 4.3399e+02
8.5750e+04 6.9250e+04 2.5893e+02
8.3750e+04 6.4750e+04 1.7301e+02
6.3750e+04 7.2500e+03 3.0106e+02
1.9750e+04 4.9750e+04 3.1153e+02
5.7250e+04 5.3250e+04 3.1209e+02
5.6750e+04 6.0750e+04 3.1005e+02
9.4250e+04 7.9750e+04 5.6418e+02
4.8250e+04 9.8750e+04 4.5828e+02
8.6250e+04 9.1250e+04 4.5118e+02
4.4250e+04 9.8750e+04 4.4495e+02
8.2250e+04 9.5750e+04 5.0658e+02
3.1250e+04 5.2750e+04 5.2072e+02
5.4250e+04 9.7250e+04 2.8157e+02
3.7500e+03 1.6750e+04 3.5030e+02
4.2250e+04 2.1750e+04 5.4557e+02
3.2250e+04 1.2250e+04 2.6757e+02
8.7250e+04 9.2750e+04 6.2440e+02
2.2250e+04 2.8750e+04 5.2394e+02
9.5250e+04 9.2250e+04 6.2679e+02
3.4750e+04 3.9250e+04 5.3236e+02
3.2750e+04 4.7500e+03 1.6631e+02
2.5250e+04 7.5250e+04 5.8065e+02
1.5750e+04 3.2500e+03 3.6521e+02
6.5750e+04 7.8250e+04 4.0921e+02
6.4750e+04 3.2500e+03 4.8505e+02
3.5250e+04 9.4250e+04 4.6225e+02
3.6750e+04 2.4250e+04 3.9319e+02
1.2500e+03 5.6250e+04 3.0533e+02
3.4750e+04 4.8750e+04 3.6772e+02
2.2500e+03 3.7500e+03 3.6348e+02
2.3750e+04 8.7500e+03 2.4613e+02
4.6250e+04 7.0250e+04 2.7173e+02
3.6750e+04 6.4250e+04 3.1189e+02
5.3250e+04 8.3250e+04 4.8898e+02
7.2250e+04 5.8250e+04 3.2330e+02
2.2250e+04 2.6750e+04 4.5278e+02
4.6250e+04 4.4750e+04 4.7250e+02
1.5750e+04 5.4250e+04 2.7754e+02
5.3750e+04 7.1750e+04 3.6954e+02
7.0750e+04 1.8250e+04 3.9810e+02
8.2750e+04 2.9250e+04 1.8200e+02
8.1250e+04 7.2250e+04 1.9248e+02
9.8750e+04 1.0250e+04 1.3588e+02
2.3750e+04 3.8250e+04 3.7409e+02
1.0750e+04 1.4250e+04 3.1261e+02
3.5750e+04 2.5250e+04 4.8855e+02
9.1250e+04 8.0750e+04 3.8987e+02
6.5250e+04 6.1250e+04 3.1509e+02
2.5250e+04 5.3250e+04 5.1171e+02
7.3250e+04 4.2750e+04 2.5610e+02
7.1750e+04 7.5250e+04 3.2223e+02
7.9250e+04 6.0750e+04 4.9789e+02
2.1250e+04 4.3750e+04 4.2791e+02
4.7750e+04 5.7750e+04 3.1423e+02
5.6250e+04 6.8750e+04 4.5875e+02
1.2250e+04 1.6750e+04 2.5846e+02
8.7250e+04 3.5750e+04 5.1964e+02
9.5750e+04 2.7750e+04 5.1817e+02
2.8250e+04 8.0250e+04 3.0323e+02
2.0750e+04 7.3250e+04 5.7640e+02
4.9250e+04 2.9750e+04 3.9827e+02
6.8250e+04 4.8750e+04 3.2867e+02
9.7500e+03 8.2750e+04 4.9330e+02
8.7500e+03 2.9250e+04 3.3406e+02
8.9250e+04 5.4250e+04 2.0405e+02
4.7500e+03 1.8750e+04 3.9954e+02
9.4250e+04 2.7750e+04 4.4975e+02
4.8750e+04 4.9250e+04 3.0453e+02
4.7250e+04 3.4750e+04 4.2817e+02
9.5750e+04 4.5750e+04 1.5197e+02
1.2250e+04 1.2250e+04 3.8358e+02
1.2500e+03 6.7250e+04 3.9275e+02
3.6750e+04 8.2750e+04 3.6252e+02
8.7500e+03 9.7750e+04 6.0931e+02
4.7500e+03 1.6750e+04 4.1193e+02
8.3750e+04 3.4250e+04 3.6101e+02
4.0250e+04 1.1250e+04 3.9246e+02
5.3250e+04 9.0750e+04 2.2986e+02
8.4750e+04 7.3250e+04 2.5394e+02
4.7750e+04 6.6750e+04 2.2832e+02
8.4250e+04 3.7750e+04 4.5058e+02
9.9750e+04 6.7500e+03 1.0366e+02
9.9750e+04 2.8250e+04 3.3783e+02
8.4750e+04 8.2500e+03 3.3193e+02
7.7750e+04 9.0750e+04 5.3381e+02
5.5750e+04 9.5250e+04 5.4583e+02
6.2500e+03 7.8750e+04 6.3969e+02
1.8750e+04 8.7500e+03 3.5124e+02
8.4750e+04 9.7250e+04 5.6995e+02
7.0250e+04 6.9250e+04 6.4074e+02
7.7500e+03 7.1750e+04 3.6370e+02
1.9250e+04 5.9750e+04 4.0796e+02
4.8750e+04 5.7250e+04 2.7902e+02
1.5750e+04 1.8750e+04 2.5164e+02
1.7250e+04 1.9250e+04 2.8927e+02
6.3250e+04 1.0250e+04 3.1819e+02
1.1250e+04 5.3750e+04 2.3094e+02
1.7250e+04 7.7500e+03 4.9553e+02
1.1250e+04 4.3750e+04 2.8804e+02
6.1250e+04 1.7750e+04 3.8164e+02
9.5750e+04 9.4750e+04 8.4723e+02
1.0250e+04 6.5750e+04 4.7546e+02
6.7750e+04 8.7500e+03 2.4546e+02
7.0250e+04 6.5750e+04 5.3351e+02
3.0750e+04 8.3750e+04 4.6049e+02
6.1250e+04 8.2750e+04 5.5158e+02
5.2500e+03 8.2750e+04 5.2955e+02
9.2750e+04 1.1250e+04 1.3215e+02
7.9750e+04 1.5250e+04 3.4162e+02
7.4250e+04 8.3250e+04 4.9578e+02
1.3250e+04 2.9750e+04 3.8455e+02
4.6250e+04 9.6750e+04 2.8910e+02
7.7750e+04 7.3250e+04 1.8386e+02
6.9250e+04 8.2250e+04 2.0144e+02
4.1750e+04 4.2750e+04 4.9077e+02
1.6250e+04 8.0750e+04 5.1010e+02
3.1250e+04 1.5250e+04 2.5460e+02
4.6250e+04 7.7250e+04 3.5622e+02
8.3750e+04 1.8250e+04 2.2945e+02
1.5750e+04 5.2500e+03 4.6423e+02
8.0250e+04 8.7500e+03 4.7561e+02
1.3750e+04 6.2250e+04 4.4781e+02
2.3250e+04 1.0250e+04 2.6498e+02
7.7750e+04 5.5750e+04 3.0071e+02
1.6750e+04 7.4750e+04 6.4076e+02
7.0750e+04 9.7750e+04 4.0208e+02
3.0750e+04 1.6750e+04 3.2004e+02
1.4250e+04 4.4250e+04 2.6348e+02
1.7750e+04 3.5750e+04 3.8838e+02
4.0250e+04 9.0750e+04 4.6537e+02
6.7250e+04 6.3750e+04 4.8714e+02
6.8750e+04 7.8750e+04 2.3837e+02
7.7500e+03 5.6750e+04 3.2493e+02
8.2500e+03 3.2500e+03 2.6796e+02
4.2500e+03 2.8250e+04 2.9713e+02
1.6750e+04 7.0750e+04 4.2349e+02
2.3750e+04 7.9750e+04 3.9206e+02
6.2750e+04 8.6750e+04 2.1152e+02
4.7500e+03 7.9250e+04 5.5133e+02
2.3750e+04 4.9750e+04 3.3584e+02
9.8250e+04 5.1750e+04 1.6439e+02
5.7250e+04 8.1250e+04 5.9589e+02
4.1250e+04 6.7750e+04 4.5472e+02
8.5750e+04 4.1750e+04 3.1571e+02
9.6750e+04 6.6750e+04 4.5702e+02
3.2500e+03 3.8750e+04 3.6993e+02
6.4750e+04 7.9250e+04 4.7783e+02
3.2750e+04 2.8750e+04 3.6050e+02
6.7750e+04 6.6250e+04 4.5820e+02
8.3750e+04 8.5750e+04 5.9062e+02
4.7750e+04 9.2500e+03 4.6437e+02
2.0250e+04 7.5250e+04 5.5241e+02
7.3750e+04 1.1250e+04 2.9643e+02
5.8750e+04 1.2250e+04 5.9728e+02
4.5750e+04 1.9250e+04 6.0726e+02
1.1750e+04 8.1250e+04 5.6092e+02
6.2500e+03 8.4750e+04 4.2063e+02
5.5750e+04 9.4250e+04 3.5335e+02
4.1250e+04 8.3750e+04 4.8012e+02
3.1250e+04 1.8750e+04 3.2533e+02
1.8250e+04 8.9250e+04 4.0269e+02
9.7750e+04 3.5750e+04 2.2195e+02
4.1250e+04 2.0250e+04 5.5966e+02
8.4750e+04 7.2500e+03 3.9412e+02
7.6750e+04 1.5250e+04 4.1213e+02
5.9250e+04 9.8750e+04 4.4331e+02
7.6750e+04 6.8250e+04 3.1860e+02
2.0250e+04 7.6750e+04 5.1942e+02
2.9250e+04 2.8250e+04 4.1687e+02
4.8750e+04 2.9250e+04 3.5492e+02
5.8250e+04 1.8250e+04 3.2175e+02
1.3750e+04 8.6250e+04 3.5402e+02
8.1250e+04 8.0250e+04 3.8337e+02
3.8750e+04 2.0250e+04 5.1073e+02
9.0250e+04 2.3750e+04 3.1163e+02
1.9750e+04 2.6250e+04 3.6446e+02
2.5250e+04 8.9750e+04 4.8839e+02
2.4750e+04 5.9750e+04 4.8418e+02
8.9750e+04 8.9250e+04 4.9344e+02
5.7500e+03 2.3250e+04 3.0537e+02
5.1250e+04 7.1250e+04 2.8455e+02
9.2750e+04 8.0750e+04 4.2781e+02
2.8250e+04 1.9750e+04 2.7421e+02
8.7750e+04 9.0250e+04 4.6856e+02
9.1250e+04 7.2750e+04 5.9720e+02
5.6750e+04 5.0750e+04 1.7151e+02
6.6750e+04 4.5750e+04 2.0133e+02
1.2250e+04 7.8250e+04 5.6328e+02
9.2250e+04 5.2250e+04 1.6225e+02
4.3250e+04 7.1750e+04 2.3847e+02
5.7500e+03 2.1750e+04 3.3053e+02
7.5000e+02 5.0250e+04 2.7459e+02
6.7250e+04 7.9250e+04 3.8486e+02
6.6250e+04 1.0250e+04 3.9167e+02
9.7250e+04 7.0250e+04 5.4755e+02
9.9750e+04 2.7500e+03 1.2524e+02
2.7750e+04 5.5250e+04 4.6353e+02
2.8250e+04 5.5250e+04 5.2484e+02
1.3250e+04 7.2750e+04 4.7751e+02
8.7500e+03 8.3750e+04 4.4623e+02
5.3250e+04 7.0250e+04 4.5702e+02
5.7750e+04 2.8250e+04 4.4325e+02
3.5250e+04 3.4750e+04 6.2011e+02
6.1250e+04 7.0250e+04 6.3880e+02
5.7500e+03 6.3250e+04 3.9881e+02
3.5750e+04 5.5250e+04 2.7845e+02
5.9750e+04 4.4750e+04 2.0803e+02
5.5250e+04 1.9750e+04 3.8512e+02
7.0750e+04 9.7250e+04 3.8391e+02
1.5750e+04 4.0750e+04 2.8359e+02
7.7500e+03 5.7250e+04 3.3329e+02
5.4250e+04 8.0250e+04 5.0376e+02
4.9250e+04 8.3250e+04 4.9003e+02
1.8750e+04 2.6750e+04 4.0011e+02
8.8250e+04 8.2750e+04 4.5360e+02
4.7500e+03 6.6250e+04 4.6790e+02
1.3250e+04 9.9750e+04 6.4074e+02
5.9250e+04 5.7750e+04 3.6803e+02
3.2250e+04 5.0750e+04 4.8990e+02
7.9250e+04 4.5250e+04 4.3740e+02
8.0750e+04 3.6250e+04 3.1656e+02
2.2250e+04 9.7500e+03 3.1608e+02
9.6250e+04 3.7250e+04 2.2624e+02
1.7750e+04 4.1750e+04 2.9239e+02
7.3750e+04 3.1750e+04 1.8333e+02
1.2500e+03 1.8250e+04 2.9709e+02
9.9250e+04 8.7250e+04 9.7177e+02
4.9250e+04 7.0750e+04 3.3293e+02
8.1750e+04 9.8750e+04 4.9963e+02
8.8750e+04 2.2750e+04 2.5315e+02
5.0250e+04 1.2500e+03 4.4068e+02
6.1250e+04 6.4750e+04 4.5564e+02
1.9250e+04 1.2500e+03 4.1861e+02
1.9250e+04 1.1750e+04 2.8210e+02
7.2750e+04 1.3250e+04 3.8749e+02
7.5250e+04 7.6250e+04 1.9086e+02
5.4250e+04 7.2250e+04 4.2739e+02
7.5750e+04 3.5250e+04 1.4086e+02
7.7500e+03 4.8250e+04 2.3166e+02
2.0250e+04 3.6750e+04 4.2491e+02
9.9750e+04 4.0250e+04 1.4421e+02
3.7250e+04 7.5750e+04 2.5696e+02
4.6750e+04 1.9750e+04 5.7867e+02
1.9750e+04 3.2500e+03 4.5952e+02
1.3750e+04 4.4750e+04 2.6201e+02
3.4250e+04 9.9250e+04 2.6555e+02
6.0750e+04 6.0750e+04 4.4267e+02
4.6250e+04 3.0750e+04 3.5145e+02
9.9250e+04 6.1750e+04 3.4243e+02
6.5250e+04 8.1250e+04 3.1490e+02
2.2500e+03 1.5750e+04 2.6455e+02
6.1250e+04 6.1750e+04 3.6894e+02
1.9750e+04 9.1250e+04 5.3285e+02
4.3250e+04 8.3250e+04 4.2452e+02
2.6750e+04 1.8750e+04 2.5230e+02
1.2750e+04 7.7250e+04 6.3701e+02
1.8750e+04 6.5250e+04 3.5517e+02
8.5750e+04 2.8250e+04 2.8667e+02
9.9250e+04 8.5250e+04 7.1485e+02
1.9250e+04 7.4250e+04 6.1085e+02
2.3750e+04 9.6250e+04 4.7193e+02
5.9250e+04 5.6750e+04 3.3147e+02
2.5250e+04 3.0750e+04 5.0512e+02
2.6250e+04 6.1750e+04 3.3248e+02
6.9750e+04 2.9250e+04 2.9632e+02
2.2250e+04 7.9250e+04 4.7829e+02
9.2500e+03 9.8250e+04 6.2791e+02
6.2750e+04 5.0750e+04 2.1935e+02
1.1250e+04 2.9250e+04 3.6023e+02
4.1750e+04 5.7250e+04 5.3547e+02
3.3250e+04 5.1750e+04 4.0633e+02
4.2750e+04 9.2500e+03 3.1096e+02
5.2250e+04 2.4750e+04 2.9327e+02
3.8750e+04 3.7500e+03 2.2959e+02
7.8750e+04 9.7250e+04 4.2439e+02
3.8750e+04 8.7250e+04 5.3026e+02
7.7250e+04 9.8250e+04 6.2026e+02
4.2250e+04 4.6750e+04 3.3721e+02
2.9750e+04 2.5250e+04 5.1744e+02
1.3250e+04 7.7250e+04 6.6413e+02
4.9250e+04 3.2750e+04 5.1484e+02
1.8250e+04 2.6750e+04 4.0484e+02
8.1750e+04 7.7750e+04 4.5508e+02
7.8750e+04 2.5250e+04 1.4276e+02
6.0750e+04 1.7250e+04 3.8982e+02
6.7250e+04 5.5750e+04 3.9355e+02
8.8750e+04 3.8250e+04 2.6584e+02
5.3750e+04 1.0250e+04 5.0188e+02
5.2500e+03 1.2750e+04 2.8113e+02
2.7500e+03 1.3750e+04 3.5185e+02
3.0250e+04 7.5750e+04 4.9652e+02
8.4750e+04 5.2500e+03 4.1334e+02
4.0750e+04 1.7750e+04 4.7079e+02
5.6250e+04 2.7500e+03 4.9865e+02
2.0750e+04 9.1250e+04 5.7505e+02
5.6750e+04 7.4250e+04 5.7049e+02
8.2250e+04 9.4250e+04 5.1066e+02
6.6750e+04 5.3250e+04 3.6997e+02
7.0750e+04 4.2500e+03 2.0723e+02
1.8750e+04 4.0250e+04 3.0017e+02
6.3250e+04 4.4250e+04 2.0831e+02
6.2750e+04 1.2500e+03 5.9567e+02
9.0750e+04 4.7750e+04 2.6129e+02
5.9750e+04 8.7500e+03 3.5403e+02
8.9750e+04 6.8750e+04 3.4207e+02
7.5750e+04 2.3250e+04 2.1895e+02
8.7750e+04 8.1250e+04 5.6218e+02
6.5250e+04 4.2750e+04 1.7769e+02
3.6250e+04 1.8750e+04 3.8568e+02
1.7750e+04 6.8750e+04 3.7807e+02
7.0750e+04 7.5000e+02 1.9473e+02
9.0250e+04 8.1250e+04 4.1434e+02
4.5250e+04 1.2750e+04 3.9892e+02
4.7250e+04 9.8750e+04 5.1003e+02
7.3750e+04 6.7750e+04 4.3210e+02
4.1750e+04 8.2750e+04 4.2353e+02
9.7500e+03 4.3750e+04 3.1526e+02
7.6750e+04 4.2750e+04 3.6894e+02
9.2500e+03 9.9750e+04 7.0373e+02
3.1250e+04 9.8250e+04 3.8551e+02
1.7250e+04 1.7500e+03 3.4569e+02
3.9750e+04 6.0750e+04 3.5727e+02
5.2250e+04 1.6250e+04 4.2506e+02
7.3250e+04 8.2250e+04 2.0380e+02
9.0750e+04 2.4750e+04 2.8417e+02
4.7250e+04 8.7750e+04 3.7177e+02
1.9250e+04 2.9250e+04 5.2929e+02
2.4750e+04 9.7750e+04 4.4960e+02
4.3750e+04 1.0750e+04 3.0895e+02
8.7750e+04 7.0250e+04 4.8891e+02
4.7750e+04 5.0250e+04 2.8392e+02
4.9750e+04 4.3250e+04 3.8954e+02
7.2250e+04 3.3750e+04 1.8172e+02
4.7250e+04 3.5250e+04 4.2533e+02
9.6750e+04 5.0750e+04 1.5270e+02
1.2250e+04 9.6250e+04 5.5663e+02
1.8250e+04 6.7750e+04 3.6088e+02
1.6250e+04 3.5750e+04 4.4335e+02
5.2750e+04 8.2250e+04 5.2040e+02
7.4250e+04 5.1750e+04 4.2957e+02
8.2500e+03 9.9750e+04 6.8384e+02
1.7500e+03 2.1750e+04 3.2219e+02
4.9750e+04 2.2500e+03 4.3306e+02
7.7250e+04 4.6750e+04 3.9838e+02
2.2750e+04 4.0750e+04 3.9892e+02
4.2500e+03 6.0750e+04 4.5631e+02
3.2500e+03 6.5250e+04 3.9240e+02
9.5750e+04 5.4750e+04 1.8018e+02
8.7500e+03 5.7750e+04 3.1324e+02
8.4250e+04 7.0750e+04 3.0201e+02
2.0250e+04 9.2250e+04 5.6329e+02
2.1750e+04 6.1250e+04 4.0783e+02
6.8250e+04 4.1750e+04 1.4726e+02
9.7750e+04 3.6750e+04 2.2392e+02
6.2500e+03 2.5000e+02 2.5113e+02
2.5000e+02 2.8250e+04 3.6252e+02
5.1250e+04 6.1250e+04 2.0480e+02
5.2250e+04 8.0750e+04 5.3355e+02
5.9250e+04 3.1750e+04 5.7927e+02
8.9250e+04 3.2750e+04 5.1533e+02
5.1250e+04 7.9750e+04 5.3306e+02
4.0250e+04 5.2500e+03 3.5655e+02
1.1750e+04 5.6750e+04 3.1194e+02
9.7250e+04 8.6750e+04 7.4904e+02
3.9750e+04 9.5250e+04 2.5423e+02
8.0750e+04 9.2250e+04 4.7244e+02
4.2750e+04 1.4750e+04 4.5069e+02
3.1250e+04 5.2500e+03 2.3169e+02
9.6750e+04 9.6750e+04 8.2652e+02
1.7500e+03 8.7250e+04 6.1923e+02
3.0750e+04 9.5250e+04 4.6160e+02
9.2250e+04 1.0750e+04 1.5632e+02
5.3250e+04 8.0250e+04 4.6736e+02
7.7750e+04 5.9750e+04 3.7848e+02
4.4750e+04 5.2750e+04 3.0223e+02
6.7750e+04 4.2500e+03 3.4246e+02
1.5750e+04 8.7750e+04 3.7046e+02
9.2250e+04 4.6750e+04 2.6807e+02
3.2750e+04 4.4750e+04 4.2878e+02
1.4750e+04 2.9250e+04 4.6154e+02
5.7500e+03 5.5250e+04 2.7843e+02
5.4250e+04 3.1750e+04 4.0817e+02
4.1250e+04 1.2250e+04 3.9533e+02
2.8750e+04 6.4250e+04 3.2775e+02
9.9750e+04 7.2250e+04 5.7113e+02
6.8750e+04 8.8250e+04 2.8209e+02
1.1750e+04 7.9250e+04 5.1751e+02
7.2250e+04 1.4750e+04 2.9790e+02
2.0250e+04 8.4250e+04 3.6316e+02
1.7250e+04 6.3250e+04 3.9515e+02
4.4250e+04 3.7750e+04 5.3923e+02
5.2750e+04 1.7750e+04 6.2736e+02
1.1750e+04 3.0750e+04 4.0423e+02
4.0250e+04 7.8750e+04 4.8785e+02
4.0750e+04 2.7250e+04 3.2569e+02
7.0750e+04 6.0750e+04 4.2255e+02
8.5750e+04 2.1250e+04 1.3003e+02
1.2750e+04 7.2750e+04 4.6890e+02
7.6250e+04 8.2500e+03 4.1885e+02
7.7750e+04 2.3750e+04 1.7107e+02
4.6250e+04 7.1250e+04 3.4181e+02
5.7750e+04 3.5250e+04 5.4127e+02
1.2750e+04 4.3750e+04 2.5321e+02
1.9250e+04 9.3250e+04 5.4355e+02
1.7750e+04 5.3250e+04 2.8862e+02
